69133
69135
69123
69125
69191
59163
22632
22631
22406
14152
12583
22409
12211
15058
12444
12040
13132
15622
15026
13430
22488
12428
15530
22858
04401
12708
55753
55726
59731
59707
59709
59733
68749
51756
54271
63224
54273
12885
12886
19707
19708
12356
12355
55159
55164
13506
52242
52252
52240
12916
12915
56267
56265
56224
56273
68062
68064
68066
68068
68070
68060
63596
63592
63506
63508
63510
63512
63514
63516
63518
63520
63522
63524
63526
12361
63528
63545
63551
13509
13507
63541
63543
13502
63567
63561
63569
63563
03511
63594
63598
68055
95502
95504
95506
95508
95510
95512
95514
95516
96502
