90795
90829
90973
90985
90993
91063
90365
90783
92021
92023
90923
91023
92007
92009
90349
90501
79430
69106
69116
69128
69130
14804
19036
69114
69108
69102
19420
15560
12931
12267
12298
69131
19223
54804
19401
79431
19421
79435
79433
59473
12844
18406
12958
19119
19415
19407
16501
68061
68063
68065
68067
68069
68053
68075
68082
68098
58016
58602
68071
68090
68057
68077
68084
12547
12195
71903
71901
71905
51816
59814
55334
15055
12954
64952
51901
64160
51882
51832
13168
12320
64953
64957
64955
12342
12341
71907
12548
55338
22646
22645
11096
11095
16502
59439
59440
11050
59441
59442
12196
22996
