91149
13019
13020
12578
12577
74635
74637
74631
74633
74639
74611
74615
74625
74627
74629
53449
53447
16316
12609
16228
12785
16525
16524
17236
12678
16518
12657
56263
12683
22607
22692
13241
54826
14555
14313
14556
14322
52183
28624
14805
14888
17307
17308
51411
51029
30145
30211
30411
30413
30451
64235
64271
64273
64275
64231
68054
68059
18404
12021
12022
18415
58104
12892
18437
12830
12282
12281
12894
12831
12074
12073
58426
12880
22805
12898
22882
22811
22823
18496
22871
22879
12845
13244
13250
05309
55335
55347
55351
55349
55344
55346
38502
59023
90865
12932
22210
12268
12955
22913
55136
