64154
22639
16308
56302
56384
56377
18190
56301
75106
55126
55128
55130
52145
52147
52149
52151
52153
52155
52157
12587
17225
18047
17226
12854
12853
15097
15098
15653
37362
37368
37364
37372
37374
37378
11265
13138
11054
55135
12119
51136
51138
51140
51142
51146
51148
51150
12159
11406
12766
51261
51239
51253
51294
12112
16343
16344
13049
12483
11057
13005
12014
12031
12013
12032
38902
38904
38906
38908
38910
38912
38916
38918
38920
38922
38914
79415
16723
16724
12316
16032
16031
55081
55079
12253
12254
58421
12315
79429
69105
69129
69127
69104
79421
79425
79413
79423
79427
79417
79419
69189
