12723
20806
12724
12707
15909
18242
11266
58702
54703
14804
19420
12931
12267
12298
19223
19401
19421
12844
18406
12958
19119
19415
19407
16501
12547
12195
15055
12954
13168
12320
12342
12341
12548
22646
22645
11096
11095
16502
59439
59440
11050
59441
59442
12196
22996
13424
12983
12990
18208
19609
17019
12719
12066
12413
19608
16209
18422
12988
19607
17064
17063
19613
19611
12989
16210
19411
12015
12016
11202
17640
12318
12317
14312
14311
12276
12293
12403
12294
22639
16308
12587
17225
18047
17226
12854
12853
15097
15098
15653
11265
13138
11054
12159
11406
12766
12112
16343
16344
13049
12483
11057
13005
12014
12031
12013
12032
16723
16724
12316
16032
16031
12253
12254
12315
22632
22631
22406
14152
12583
22409
12211
15058
12444
12040
13132
15622
15026
13430
12428
22858
4401
12708
12885
12886
19707
19708
12356
12355
12916
12915
12361
13509
13507
3511
19614
19612
12242
11058
15934
14632
14612
54602
12054
13050
13006
19326
12484
15708
12358
14616
12460
12716
12422
14002
12953
57549
15910
19038
19040
19037
19039
12962
12961
17619
17621
12130
12129
12948
12947
15666
15665
18449
18450
13019
13020
12578
12577
16316
12609
16228
12785
16525
16524
17236
12678
16518
12657
56263
12683
22607
22692
13241
14555
14313
14556
14322
28624
14805
14888
17307
17308
51029
18404
12021
12022
18415
12892
18437
12830
12282
12281
12894
12831
12074
12073
12880
22805
12898
22882
22811
22823
18496
22871
22879
12845
12932
22210
12268
12955
22913
14209
22904
12995
19115
22474
19203
12910
22915
11104
22933
22931
22444
19021
12247
22935
12907
12935
14321
14236
54077
14320
14308
14314
12237
12238
18203
18204
14803
16863
16533
16507
18574
11089
13423
22405
12335
12349
18604
12891
12336
13104
13103
17234
17233
12971
59208
12155
12156
12002
13015
12846
12829
18495
22903
19116
12960
11091
22829
59077
59013
59075
11076
16572
12566
12565
22476
16312
18235
12852
12442
21126
51030
15231
11123
15203
22473
22475
12489
12458
12456
25631
22308
22472
22480
16311
12495
17624
14709
17038
16588
58014
12911
19055
22909
19052
22387
22388
12893
13064
13162
15631
24888
14806
57129
13026
12198
19712
12183
59320
51196
12639
12640
19408
22407
14235
14265
22408
14213
21108
14219
14203
12166
12168
16230
19570
14260
18612
18312
13134
19058
22111
11025
59076
18236
58219
22815
22940
12856
8282
12851
12441
22843
12849
58114
22619
17481
19225
14501
12048
22812
22824
14223
14224
13106
11107
11108
12941
19204
12972
59272
17203
19260
59207
59230
18438
56504
17208
12823
16307
16305
12666
16382
22622
13246
13245
12969
12984
12241
22452
15904
19308
19718
15012
12232
22688
12046
22451
11006
11022
12177
12175
12178
12176
16215
16216
19307
12760
12759
18237
15004
15003
58222
16616
16615
12164
12682
12604
16176
12668
16116
12686
12163
22640
12692
12680
12610
22681
16102
22624
11074
11027
12624
12658
12602
12434
12674
12673
12981
12982
11059
18238
15206
15205
58220
58221
28242
51754
12824
17643
17644
18403
58012
14151
22443
12210
12469
12033
17204
17221
17206
12339
12340
12776
12775
16613
11013
12679
12681
16617
25014
12841
12842
15112
15053
11060
18182
12111
12362
11041
51034
22107
2090
12959
22629
12722
19063
12351
11033
11065
12344
12343
14035
57515
12182
12181
15236
17006
15234
11066
11034
17008
15933
15903
15942
12526
15930
12235
15928
15905
12424
12423
12435
14631
14266
15006
14318
12055
22660
14120
12688
15002
12490
11007
11008
12123
12124
12215
12457
12455
12985
12216
14626
22471
12265
22482
19264
19580
14812
22401
12687
19019
19020
22659
29020
12017
12018
19263
17057
17058
12848
13417
22889
22873
13319
13352
14036
12821
12822
59393
51118
13351
12832
13331
13303
51116
15929
11045
11046
50105
52588
52540
14001
54078
14206
14731
14011
14659
13120
14521
18184
19064
13010
13009
12131
18620
18241
18207
18215
12549
18211
18213
18205
18201
18426
58529
12357
12220
12269
12246
12266
12213
22202
22201
22214
15636
17302
56904
18646
18645
16606
16605
16187
16306
12677
12684
22608
22816
16188
12224
12646
12283
16359
22149
12703
12704
13484
13413
13483
13414
51028
51027
14205
22104
14732
12922
12921
19024
14625
19023
12616
18239
13017
13018
16506
16336
14216
14215
13186
13330
13329
12669
12670
13185
13308
13307
12937
12938
14044
14043
15715
15716
16532
12203
22410
13024
1710
15619
12389
13510
14214
11111
15632
12510
12517
15606
15646
15648
15613
15617
15640
12514
12508
12516
12993
16505
18502
12860
12859
19410
15057
13508
14611
15005
15104
12532
15050
15052
15018
11082
12541
15045
15029
11038
12589
15022
15023
12591
15015
19309
22118
57306
12705
12779
12780
12450
12449
11055
11056
12728
12727
17201
17202
12903
12904
16535
16536
12419
12420
15232
12405
12409
12406
12410
12555
12556
19409
12592
15046
15017
12590
23154
13154
13153
12737
12738
12615
83131
53520
12901
12902
19033
19034
12917
12918
12660
12659
16128
12509
12515
12507
15647
15635
15629
15645
15630
11124
11126
12197
11102
11112
12153
22613
59811
59812
16592
16591
22939
19577
22908
12475
19578
22917
14523
17415
17416
13164
13163
12811
13113
13114
59394
12062
12154
12364
14610
14609
14553
14554
14096
14095
52456
52455
12332
12331
16317
16318
18447
18448
18508
12443
22614
56909
12221
12261
22832
12833
12664
12809
12840
12869
16578
54601
22916
54834
14012
12812
18626
22846
18624
18637
12835
12778
56501
12701
12702
12158
12157
19610
12053
22918
12912
24887
12370
12172
15033
12063
12834
58013
13063
13025
58011
12262
12870
15235
12847
12311
12274
13023
13071
12371
12307
13016
15711
18005
12353
12839
53049
13011
12810
12321
22817
12323
12249
22309
12906
12867
12827
12222
12837
12887
12895
12881
18627
22891
13043
22803
22894
22831
13053
12663
12245
12863
17020
12720
57130
11303
57563
17014
17005
12603
17031
57550
22941
19325
14317
11125
22944
19312
59307
14319
19324
12923
19321
19313
21125
12227
19314
19310
22105
22106
15603
15719
15720
13401
13236
13235
13402
12482
12481
19412
14212
14211
13466
13465
15604
12411
12412
14315
14316
12384
12383
12726
12725
19323
15713
15714
12466
12416
22609
22610
12127
12128
13226
13225
22187
22188
12872
12871
58112
12239
12967
19573
12975
12973
54805
12979
18103
12380
18104
12379
12477
12414
12207
15654
12588
14034
14033
12425
12426
13151
12076
12075
12081
12082
12078
12077
12080
12071
12067
12068
12051
12052
12083
12084
13419
19107
19108
12805
12806
13420
12069
12070
12079
12024
12023
12072
19224
19226
14502
12470
18216
12550
22942
14714
13160
12160
12188
1709
11652
12061
15118
12192
22181
1656
51701
11464
11466
11449
12194
18212
15941
12874
12818
12873
12817
11078
11077
12825
12826
11103
11109
13072
12101
12102
16508
22484
52574
52575
54806
12404
12240
12956
22934
12980
19711
59805
12970
19717
2089
12986
18214
54833
12974
22478
19715
12968
12976
11204
19574
12940
59802
19713
12992
9721
22932
22479
14660
12372
14809
14703
53140
15605
19056
54704
22481
22483
12308
22477
14810
14889
14682
52559
18420
13136
18606
15284
14257
17616
17604
12786
17651
16354
12226
12225
57626
57625
14724
14723
18478
12312
12006
12011
12012
12005
52453
15667
11071
11072
15959
15960
13150
13149
16517
12665
16381
16526
12634
12633
16175
22512
22511
12627
12628
12933
12934
16523
14258
16021
16022
19709
13027
13028
12949
16516
17639
22119
22117
17606
17615
17652
16353
17603
16570
57305
19259
12201
22114
12625
12626
12218
12039
14119
12208
12209
15044
52587
22603
22604
11018
15707
15712
28182
14520
14519
14887
52457
22456
14503
19414
12319
13167
13137
13131
13161
15233
12525
15049
15051
12363
53139
13135
13117
12325
13165
19262
16315
12777
12257
12360
12518
11049
13152
19413
13159
12322
12301
12305
12302
12306
11019
11020
17211
17212
12648
12647
10111
10112
11304
11404
18006
22648
12060
13238
13240
22981
19803
19805
12676
12675
11030
11029
8281
22647
18517
58502
17406
17405
18615
18616
24512
22116
12762
18108
12650
12369
21107
22447
19665
11016
11015
15621
13248
15668
15620
19710
55601
12520
15644
15662
12552
12608
12607
53181
12865
12866
12161
12162
22108
12467
12468
14704
13118
53172
53178
14005
14006
12861
14114
12179
19022
15204
12593
15011
15054
12584
12594
12536
12180
12531
11110
19716
15043
12108
16094
15008
11408
12104
12535
12004
12003
19402
14210
14220
14204
12231
12429
22684
12540
14615
12354
55602
15652
15651
15115
15116
22927
22928
11044
17317
11014
11201
11053
12879
11075
12165
12167
11073
17222
12223
22103
12202
11081
12542
17318
12171
11017
22113
22115
12519
12117
11011
11205
22109
12141
12145
22865
13202
18029
12143
18520
22848
16093
12229
12230
12107
12122
12121
10215
22636
10216
56640
16054
11043
22623
56701
12401
12402
12397
12398
12189
12190
17411
17412
11094
11093
15484
15483
11040
11039
12945
16232
13108
13109
13107
13110
16629
16630
14662
12919
12920
12461
12462
10104
10103
12537
12617
16347
16857
16855
12133
12685
12601
16565
12118
16180
16179
22907
56641
22635
17605
22851
17688
17687
12977
12978
14853
14863
14865
14854
14864
14866
19419
22626
12270
22206
12612
17313
22611
16003
22860
22826
22808
17311
22802
12620
12619
15025
12492
15027
15028
16603
16604
14890
29019
22205
12964
12963
15001
12212
11062
19054
15228
12908
11047
13022
13021
13155
13156
53050
13429
13418
13012
14003
13415
13425
51402
12618
12491
16864
12390
16127
16129
56101
17402
57229
56136
17025
12228
17032
12134
16332
16340
11042
12187
11028
21028
12952
12951
14042
24042
14041
15103
15111
15117
15007
12538
12581
15120
11061
15227
16229
17301
22818
16217
16235
16231
16205
22682
56264
15614
15669
15670
16339
16351
18309
18310
16335
12689
17235
12667
12289
12113
12855
12136
12816
12815
11401
11402
17256
12734
12733
18234
18233
14512
14511
12656
12655
16687
16688
12690
16352
22806
22914
12350
12047
12045
12034
12236
12436
12273
12259
12275
22209
12324
12250
12056
12058
12191
14681
12430
14004
12582
22412
12524
22404
12878
12440
12454
14323
12001
12459
19576
12421
17620
17623
57516
57564
11012
17614
16593
12485
12767
22457
12768
12876
12875
12632
12631
16346
16345
18240
22112
12290
12924
11203
11403
12772
15618
22411
12672
12671
12721
12147
12643
12645
22633
12415
22653
52541
22310
12042
22612
12523
15723
19602
12326
12506
12505
17255
17213
17231
17404
57264
16004
17214
17232
25910
13281
18206
18202
11206
51422
51433
12248
12285
12263
12284
12611
12909
12065
12059
22182
12148
17305
22110
12286
12438
22634
22656
22654
59548
16337
16338
22905
19575
59547
18402
19252
56138
12819
12820
12850
11037
12103
12377
12378
14208
14207
12763
12764
15721
15722
13348
13347
22651
22652
12606
12605
12747
12748
17407
12109
12110
59385
12637
12638
12942
16650
16649
22926
12926
12925
14623
14624
18622
18621
22352
22643
17610
12184
19270
12905
12950
19269
19202
12897
16861
12868
22403
12694
12693
59386
12711
12712
22936
19422
3512
22844
13332
22644
16360
12359
18625
12366
13237
13239
13416
17609
23348
12742
15280
15279
11097
11098
12303
12381
12304
12382
19261
12501
12502
12662
12661
12142
12150
22351
12126
12125
18464
18463
12496
11105
11106
12417
12418
22810
22814
14307
12828
22605
11005
16858
16862
16573
16856
16115
56700
11405
22881
11090
11092
11026
12297
12264
22150
12730
12114
15030
11101
22845
17013
22943
19311
12170
12939
1655
11407
51401
12135
12729
17613
51421
12149
12026
11088
12138
12137
15047
12843
18405
18421
14710
22859
22890
18425
22884
15639
12994
12838
12888
12896
12882
18419
18416
15643
22866
12146
18401
18304
3102
22836
18407
22827
17479
22910
22883
12802
22606
12801
15048
12533
12534
6542
18568
13146
13145
12433
12431
22691
12437
13234
13233
16614
17018
22937
12463
11003
11004
22454
22453
16349
16350
12567
12568
22162
22161
16557
16558
16734
16101
16618
12347
12348
14708
14707
13320
18610
16589
16590
15013
15014
12465
12511
12521
12512
12522
12718
12717
50103
22487
52571
52570
12427
51753
11704
11703
51702
22938
12186
12185
18302
13242
13247
18623
12352
19322
23225
13201
13282
12310
12309
12464
22464
19579
17017
14711
22621
15119
16733
16780
14259
15056
25036
15034
50104
18603
18611
13304
18619
18632
12877
18631
18628
22892
12365
18605
15661
18609
12439
12453
15927
14324
18107
13188
12374
17622
12883
12884
13044
12393
17230
17229
19166
19168
19165
19167
12715
14017
14007
14015
14018
14008
14016
11024
11023
12132
11067
11068
21068
12152
12151
12217
12651
12629
12649
12394
12808
12807
14164
14163
12296
12295
12337
12338
18010
12557
12558
16058
16057
12346
12345
15160
15159
12474
12473
14649
14650
12278
12277
12713
12714
15273
15274
22625
56910
56912
16531
16534
16594
18311
22804
18303
18301
17037
17007
12791
12219
22203
12736
12513
12706
19714
17026
12771
19201
12774
22850
17002
12732
17320
12784
12987
13133
13105
13119
12260
53175
3101
12313
13187
12373
58701
12314
12792
17319
12487
12488
17209
12770
12769
12139
12140
14525
14713
22982
12486
14712
11651
23347
14674
14673
11447
11448
22641
14646
14645
12497
12498
11035
11036
12009
12010
12028
12027
12025
12007
12008
12244
12243
12019
12020
12041
12204
15283
23226
17210
16579
22912
22911
22601
51033
12560
12559
52452
52451
22830
15021
18030
22825
22213
22835
12773
22849
22642
19659
22853
12452
12451
19051
12391
12392
22462
22461
12115
12116
14811
16182
16181
17239
17240
12709
12710
11010
11009
54076
19404
14013
12144
13166
15724
52454
52458
11463
11465
19251
17207
22602
17205
22893
22455
16218
18408
17001
18504
22134
19120
13288
13287
54075
18009
22857
22807
22813
22855
22852
18410
18409
12691
13426
19053
12814
12813
13301
13302
19403
14014
22207
22208
56903
12169
22133
12936
12946
59078
59014
22828
13054
12479
12480
22356
22355
19416
12476
12478
11450
14504
19804
22679
22680
12471
12472
12957
12782
12781
12644
12029
12030
12803
12561
12562
50106
12652
12280
12279
16227
16206
12622
12621
12857
12858
18452
18451
17618
17617
19046
19045
18189
13511
58113
18181
18183
58111
18101
18111
12889
13512
16106
23142
22620
22630
16787
13141
13142
12642
12613
12614
13157
13158
16105
12641
17487
17488
11021
22627
16053
22617
22616
16203
17408
16130
22628
12765
22872
22880
17482
22615
22120
57477
12761
16204
17401
17480
16779
22618
12731
22856
57274
12913
12914
16331
16348
12695
12697
12623
12432
17023
17024
16236
12696
12698
22655
13008
13007
12447
12448
56137
56139
56502
17314
11048
57273
6948
19329
12944
19057
11302
11301
12174
12173
12943
12996
22902
19330
12991
9722
19666
19601
19660
22901
12064
12057
22458
22402
19806
14309
14310
14522
14526
14524
14217
14218
12328
12327
18477
15036
15035
18191
18192
13148
13147
12446
12445
19566
19565
12927
12928
12636
12635
12553
12554
13403
13404
16303
16304
24228
14228
24227
14227
17315
16185
16186
16302
16301
12797
12798
16334
11087
12333
12334
12105
12106
56503
12368
12367
11272
11271
22870
17016
17015
53048
53047
19567
19028
19027
19568
15906
17316
16333
17312
18048
12741
2779
18507
18573
22874
58530
22204
12740
12739
18501
18518
58501
18519
22847
22801
22869
57230
22415
57265
18567
12783
8501
22809
22854
18503
12804
8573
12330
12329
12251
12252
22637
22638
22650
22649
19301
16580
12292
16574
16528
12258
16566
19032
19031
16571
17310
16587
16527
12291
12214
12735
15024
15016
18638
12836
12864
16577
19302
12193
16515
16569
22683
12539
6541
22686
12630
22685
18112
12890
17309
12551
12395
12396
