1111111
1111111
1111111
0101010
1111111
1111111
1111111
1111111
1111111
0000010
0001001
0111111
1111111
0100101
1111111
0100000
1000000
1100101
0000010
1111111
1111111
1000000
0000100
0010000
0110110
1111111
0101001
1111111
0000001
0000100
1111111
1111111
1101100
0000001
0100000
0001000
0000100
1000000
1111111
1111111
0000001
1111111
1111111
1111111
0010101
0000001
1010010
1001010
0010000
0100101
0010000
0001010
0111011
1111111
0100000
1000010
0010010
1111111
0000100
1111111
1111111
0101000
0000101
0100101
0010100
1111111
1111111
1111111
0000010
0010000
0010010
1001000
0110100
0010101
0101011
0100010
1111111
0010001
1111111
1111111
0100000
1111111
0110101
1111111
1111111
1111111
0000100
0010000
0001000
1111111
0010000
0000010
1111111
0100001
0100100
1111111
1111111
1111111
1111111
0001000
1111111
1111111
1111111
0000100
1111111
0000100
1111111
1111111
0100000
0010011
1001100
0000001
0001000
0000100
1000000
0000100
0101010
1000000
1010110
1000000
0000010
0001000
0010000
1111111
1111111
0000010
0100010
0000001
1111111
0010000
0100100
1001010
0111111
0111111
1111111
1111111
1001000
0010001
1111111
1111111
1000000
0010000
0000010
0001000
1000010
0010100
1111111
1111111
0000010
1111111
0000100
1111111
1111011
1111111
1111111
0001001
1000000
1111111
0100100
0000001
1111111
1111111
0100000
0100100
1111111
1111111
1111111
0101011
1010100
1011010
0100101
1111111
1111111
0100000
0000010
1111111
1111111
0001010
0101000
1111111
1111111
0100000
0001000
1111111
1111111
0000001
0010000
1111111
1111111
1111111
1111111
1111111
0000111
1111111
1111111
0000111
1111111
1111111
0101000
1000000
1111111
0111111
1111111
0100000
1111111
1001011
1111111
0100000
1111111
1111111
1111111
1111000
1111111
1111111
1111111
1111111
1111111
1111111
0000100
0000100
0001000
1111111
0101001
1111111
1111111
0100100
0000001
0010000
0010000
1001000
0110110
0000010
1000000
0000001
1000000
0111111
0010001
1111111
1111111
1000000
1111111
0100101
1001010
1111111
0010000
1111111
1001010
0100000
0001000
0100000
0000010
0000010
0000001
0000010
0000010
1001000
1111111
1101010
1111111
1111111
0001000
1111111
0000001
1111111
1111111
1010000
0101000
0000010
0000100
0001000
0000101
0000001
0010000
0000100
0010101
1010010
0100000
1001010
1111111
1010100
1111111
1111111
1111111
1111111
1111111
1111111
1111111
1111111
1111111
1111111
0010000
0000010
1000000
1001010
1111111
0100100
0001000
0010000
1111111
1111111
1111111
0001000
0111010
1111111
1111111
0000001
0000001
1111111
0100000
0010001
1001001
0111100
1111111
1111111
1111111
0100000
0000100
0010001
1111111
1111111
0101000
1111111
1111111
1011110
0010000
0000100
0000001
1000000
1000010
1010000
1111111
0010000
0010000
0000100
0100000
1111111
1111111
1111111
0110000
0111111
1010000
1111111
0000010
1111111
0001000
0110111
1111111
1010010
1111111
1111111
1111111
1111111
0000001
1010100
1111111
1111111
0101010
1111111
0101001
0111111
1111111
0010011
1111111
0000101
1111111
0000001
0011011
0100100
0110111
1000000
1001010
1111111
1111111
1111111
1111111
0100000
0000100
1111111
0001000
1000000
0100100
0000010
0000100
1111111
0010000
0010001
1111111
0000100
0100010
0100010
0011101
1111111
1111111
1111111
1111111
1111111
0010000
1111111
1111111
1111111
0000001
0010000
1111111
1111111
1111111
1111111
0010000
0100101
1111111
1111111
0000001
1111111
1010010
0000111
1100001
0000010
0101001
1111111
1001000
1001000
0000010
1111111
1111111
1111111
0100010
0111111
0100100
1011000
0100110
0000010
1011000
0100000
0010101
1111111
1111111
0000100
1111111
1111111
1111111
1111111
1111111
1111111
1111111
1111111
1111111
0000010
1111111
1111111
0000010
1111111
1111111
1111111
1111111
0000001
1111111
1111111
0001000
1111111
0000101
0010000
1111111
1111111
1111111
1111111
0001010
1111111
1111111
1111111
1111111
0010101
1111111
1111111
1111111
1111111
1111111
1111111
1111111
1010010
1111111
1111111
1111111
1111111
1000000
0001000
0100000
0001010
0111111
0000100
0001001
0101001
1111111
1111111
0101010
1010100
1000000
1111111
1111111
0000001
0001000
1111111
1111111
1111111
1111111
1111111
0100101
1111111
1111111
0001000
1111111
1111111
1110100
0010000
0001001
0000100
1111111
0010001
1111111
0001000
0000010
1111111
1111111
0101010
1111111
1111111
1111111
0000010
1000000
1001000
0000001
0000010
0010010
0010000
0100010
0000100
0010000
1000000
0000010
1011001
0000100
1111111
1111111
0100010
1111111
1111111
0010100
0000011
1111111
0100000
1111111
0100010
0000001
1001000
1111111
1111111
1111111
1111111
0110101
1111111
1111111
1111111
1011010
1111111
1111111
1010010
1111111
0100100
0000010
0001010
0101001
1001000
1111111
1111111
0000010
1111111
1111111
1111111
0010001
1111111
1111111
1111111
0000100
1000000
0000010
1101111
1111111
0010101
1111111
1111111
1111111
1111111
1111111
1010010
0111111
1011010
1111111
0000100
0000100
0100000
1111111
1111111
1111111
1001000
1111111
1111111
1111111
1111111
1111111
0010001
1111111
1111111
1001000
1111111
1111111
0101001
1111111
1111111
0100000
0001000
0010000
1010100
1000000
0000100
0001010
1111111
1111111
0010001
0010010
0100010
1110110
0101001
0000001
0010101
0101010
0010101
0100000
1111111
1111111
1111111
1111111
1111111
1111111
1111111
1111111
1111111
0010100
0100000
0001000
1111111
1001000
0010000
0010000
0000001
0010010
1111111
1111111
1010110
0100101
1011010
0101001
1000011
0000111
1111111
0010000
1111111
1111111
1111111
1111111
1111111
1111111
1111111
1111111
1111111
1111111
0000001
0010000
1111111
1111111
1111111
1111111
1111111
0100001
0101000
1111111
1111111
1111111
0000001
0100000
1111111
1111111
1010010
0110100
0000010
1100100
0000001
1111111
1000000
0010000
1000000
0001000
1111111
0001000
0000101
1110000
1000100
1111111
1001000
0010000
1111111
1111111
1000000
0000100
0000100
0010000
0000010
0010000
1000000
1111111
1111111
1000001
0000100
0000001
0000010
0001010
1111111
1111111
0001001
0000100
1111111
0000010
1111111
0000100
0000100
0000001
0001000
0100000
0010000
0000001
0100000
1111111
0000100
1111111
1111111
1111111
1111111
0100001
0011000
1101010
1011010
1111111
1111111
1111111
1111111
1111111
1111111
1111111
1111111
1111111
1111111
1111111
1010000
0101111
1000010
0111101
1111111
1111111
0000110
0100000
1000000
1111111
0000010
1111111
1111111
1111111
1111111
1111111
1111111
1111111
1111111
1111111
1111111
1111111
1111111
0101010
0010101
0001000
1000000
1111111
0001110
1000000
0010000
0000010
0000010
0100000
0001001
0000010
1111111
0110110
0110111
0000001
0000100
0000100
0000100
1111111
1111111
1111111
1111111
0010000
0110000
0000100
0001000
0000011
0001000
0100100
1111111
1111111
1110101
1101011
1100000
1111111
1111111
1111111
1111111
0000010
1001010
1111111
1111111
1111111
1111111
1111111
1111111
1111111
1111111
1100100
0010011
0000010
0100000
1111111
1111111
1001001
0000100
0000001
1111111
0100001
1011100
0000010
1111111
0010010
1111111
1111111
1000000
0001110
1111111
0010000
1111111
1111111
0000011
1111111
0100010
1111111
0000001
1010000
0000100
1111111
1111111
1111111
1111111
1111111
1010010
1111011
0000100
0001000
1111111
1110110
0010010
1000101
1010010
1111111
1111111
0110000
0100000
1111111
0111010
0000010
0000001
1111111
1111111
0010001
1111111
1111111
0100000
1111111
1111111
0010000
1111111
0000010
1111111
1111111
1111111
1111111
1111111
0000010
0010010
0000001
0010000
0010011
1000000
1111111
0000101
1111111
0100000
0000010
0010100
1110000
0001101
0001010
0000001
0000100
0001000
1111111
1000100
1011011
1111111
0000001
0101000
1111111
1111111
1111111
1010010
0000100
1111111
1111111
1111111
0100000
0010010
1000001
1101100
1101110
0010001
1111111
0000100
1111111
0010000
0000001
0101000
0010011
0000101
0001010
1111111
1111111
1111111
1111111
1111111
1111111
1111111
0111111
0111111
1111111
1111111
1111111
1111111
1111111
1111111
1111111
1111111
1111111
1111111
1111111
1111111
1111111
0111111
0111111
1111111
1111111
1111111
0111111
0111111
1111111
1111111
1111111
1111111
1111111
1111111
0111111
0111111
1111111
1111111
1111111
1111111
1111111
1010000
1010000
0100000
0000101
0100001
1111111
0010101
0101000
1000000
0001010
0000010
0010000
1111111
0010000
0000010
0000001
1111111
1111111
1111111
1111111
1111111
1111111
1111111
0110111
1101110
1101111
1101111
1111111
1111111
0111111
0111111
1111111
1111111
1101111
1101111
1111111
1000000
0100000
1111111
1111111
1111111
0111111
1111110
1111111
0111111
0111111
1111111
1111111
1111111
0000010
0010100
0000010
0000100
0001000
0000100
0010101
1111111
1010100
0000001
1111111
1111111
1000000
1111111
1111111
0100000
1111111
1011101
0100010
0010000
0000001
0101010
0000010
0011010
0100101
0110100
1001010
1111111
1111111
0100100
0001001
0100000
1111111
1111111
0110011
1101100
0101000
0101001
1111111
1111111
1111111
1111111
0010100
1111111
0010000
0101010
1111111
1111111
0010000
1111111
0010000
1111111
0100000
1111111
1000010
1111111
1010010
1000010
0101000
0000010
0010000
0010001
1111111
0000001
1111111
1111111
0000001
1011110
1111111
0000100
1111111
1111111
1111111
1111111
0001000
1111111
1111111
1010010
1111111
1111111
1111111
0000001
1111111
1000001
0000001
1000000
1001010
1111111
1111111
1000000
1111111
1111111
1111111
0010000
1111111
1111111
1111111
1111111
1111111
1111111
1111111
1111111
1111111
1111111
1111111
1111111
1111111
0000001
1111111
1111111
1111111
1111111
1111111
1111111
1110000
0100000
1111111
1111111
1111111
1111111
1111111
0000001
0001000
1111111
1111111
1111111
1111111
1110000
1111111
1111111
1111111
0100000
1111111
1111111
0000010
0010101
0100000
1011011
0001000
0010010
0000001
1111111
0001000
1111111
0010101
1111111
0000100
0100010
0100100
1111111
1111111
0001010
1111111
1111111
1000000
0010000
0110111
1111111
0000100
0010000
0100000
1111111
0100000
1111111
1111111
1111111
1111111
1111111
1000100
0010010
0000001
0001000
0000100
0100000
1111111
1111110
0100100
0001000
1001000
0000010
0010101
1111111
0000001
1010110
0000100
0000001
0000100
1111111
0001000
1010100
1001010
0001001
1000000
1111111
0001000
0101010
1111111
0111111
1000000
1111101
0000010
1111111
1111111
0101010
0010101
0001000
1000000
1111111
1111111
1111111
0100010
1111111
0100100
1111111
1000110
0111001
0110011
0000001
0001000
1111111
1111111
1111111
1111111
1000000
0001001
1111111
1111111
1111111
1111111
1111111
1111111
1111111
0000100
1000100
1111111
1110101
1101101
1010010
1111111
1111111
1111111
1111111
0000100
1111000
0001000
0100000
0000100
1111111
0000100
0000100
0010000
0001000
1111111
1111111
1111111
0010001
0100010
0000010
0000001
0111010
1111111
1111111
1111111
0101011
1111111
1111111
1111111
1111111
1111111
1111111
1111111
1000000
1111111
0000001
1111111
1111111
1010110
0100000
0010010
1111111
1111111
1111111
0101001
1101110
1010100
0100100
1111111
0000100
1000000
0100100
1111111
1111111
0010000
1111111
0111111
1111111
1111111
1111111
0000100
0000010
0000001
0000001
1111111
0001000
0100000
0000001
1000000
1111111
1111111
0000001
1111111
1111111
0100000
0001000
0001001
0010000
0100110
1111111
0100000
1000100
0010001
0100000
1000100
0001000
1111111
1111111
0100100
0000001
0010001
0000100
1000000
1111111
0001000
0000001
0010000
1111111
1000000
0000100
1111111
1111111
1000000
1111111
0010000
0010001
1111111
1111111
0101001
0100101
1001010
1000000
1111111
0100000
1111111
1111111
0000010
1000010
1111111
1111111
1111111
1111111
1111111
1111111
1111111
1111111
1111111
1111111
1111111
1111111
1111111
1111111
1111111
0001000
1111111
0100001
0010010
1000010
0001001
1111111
1111111
1111111
1111111
1111111
1111111
1111111
1111111
1111111
0101010
1111111
1111111
0000001
0000100
1111111
1111111
1111111
1000000
1111111
1111111
1111111
0000010
1111111
1111111
0001001
0000100
1111111
1111111
1000000
0000010
0101001
1010010
0000100
0100101
1010010
0001000
1000100
1111111
0010001
0010100
0100000
0010010
0001000
1000000
0100000
0000100
1000100
0000010
0000001
1111111
1111111
1010000
0000010
1111111
1111111
1111111
1111111
0000001
1111111
0101000
1111111
1111111
0100000
0001000
1111111
1000000
0100000
0100100
1111111
1111111
1111111
1000100
0100010
1111111
0000010
0000100
1111111
0010001
1001010
0000001
1111111
1111111
1000000
0100000
0010000
1111111
1111111
1111111
1111111
1111111
1111111
1111111
1000010
1111111
1111111
0000001
0111010
1111111
0101001
1111111
1111111
1111111
1111111
1111111
1111111
1111111
1111111
1111111
0000001
1111111
0101010
1111111
1000000
1111111
0001000
0010100
1111111
0100000
0100000
1111111
1111111
1111111
0000100
1111111
1111111
1111111
1111111
1001110
0010001
1111111
1111111
0000010
0000010
1111111
0000100
1111111
0101001
1111111
0101001
0101101
0101101
1111111
1111111
1111111
1111111
1111111
1111111
1111111
1111111
1111111
1111111
1111111
0100000
0000100
1000000
1000100
0100000
0010000
0010000
0100010
0111111
0111111
0000100
0010001
0100010
1101100
1010110
0100010
1000100
1000000
1111111
1111111
1111111
1111111
1111111
1000100
1111111
1000100
1001000
1000000
1010100
0000010
0001001
1111111
1111111
1111111
1000000
0001000
0000010
0000100
1111111
1111111
0000100
1111110
1111111
0100100
0100000
0000001
0001000
1010010
1010010
1111111
1111111
1111111
1111111
1111111
0100101
1111111
0001000
0000100
0010001
0010101
1111111
0010001
1111111
1111111
1111111
0010000
0010000
0000001
0001000
1111111
0000001
1111111
0001000
0111111
0000010
0010001
0001000
0100000
0000001
1111111
1111111
1111111
0111101
1000010
1111111
1111111
0100000
1011110
0100001
1111111
0100000
0000001
1000010
1000000
1111111
1111111
0000001
1000100
0010010
0000001
0000001
0010101
0111011
1111111
1111111
0000100
1111111
0001000
0100010
1000000
0000010
0000010
0100000
1111111
0100001
0001010
1001100
0000001
1111111
0001000
1111111
1111111
1001000
0010010
0000010
0000100
0000010
1111111
1111111
1111111
1111111
0111011
1110110
0000001
0000010
1111111
1111111
1111111
1111111
1111111
1111111
1111111
1111111
0010101
1111111
1111111
1111111
1111111
1111111
0000100
1111111
1111111
1111111
1111111
1111111
1111111
1111111
1111111
1111111
0100000
0110000
0000010
0101001
1100000
1001100
1000000
0000110
0010000
0001000
1000000
0001000
0001000
1111111
1111111
1111111
1111111
1111111
0000001
0010000
0001000
0000001
0111111
0000110
0010000
0010101
1111111
1111111
1010001
0101110
0100101
1000000
1111111
0000001
0100010
1000100
0000001
0100000
0110011
1001100
1001101
0110010
1000000
0001001
1001000
1111111
1111111
1111111
1111111
0000010
1111111
1111111
1111111
1111111
0000010
1000000
0000010
1111111
1111111
1000000
0100000
1111111
1111111
0100010
1100010
1000000
0100000
0000010
0000010
1111111
1111111
1000010
0000100
1000000
0100000
1111111
1010010
0100100
1001000
1010000
1010010
0000001
0100000
1001000
0101001
0110111
1001000
1111111
1001000
0010000
0010000
1111111
1010100
0101000
0111111
1111111
1111111
1101111
0000100
1111111
1111111
0110101
0010111
0001000
0100100
0001000
1000000
0000001
1111111
0000001
0010000
0100000
1111111
1000000
0000100
0101000
0000100
1111111
0000001
0010000
0010000
1000000
1111111
1001000
0010000
0000010
1000000
1101110
1000000
0000010
1111111
0001001
1111111
1110010
1111111
1111111
1111111
0000010
1111111
1111111
1000010
0010110
1111111
0001000
1111111
1111111
0000100
0110001
1000000
1001010
1111111
1111111
1111111
1111111
1111111
1111111
1111111
1111111
1111111
1111111
1111111
1111111
0010000
1111111
0010000
1111111
1111111
1111111
1111111
1011111
0000001
1111111
1111111
1111111
1111111
1111111
1000110
0100000
1011000
0000010
1111111
1111111
1111111
1111111
0010101
1010100
1111111
1111111
0101010
1010100
1111111
0100000
1111111
1111111
1111111
1111110
0011110
1111111
1111111
0100000
0111111
1111111
0000001
1111111
1111111
0010101
0010101
0000100
0101100
1111111
0100101
0001000
0000010
0100101
1000000
1010010
1111111
1000101
1111111
0010101
0110011
1101010
1111111
0000001
0110010
0000100
1110000
0001101
1111111
0010101
0001000
0001000
1000000
1000100
0110011
1111111
1111111
1111111
0100101
0000001
1111111
1111111
0000101
1111111
1111111
1111111
0101001
1010110
1001010
0110101
1111111
0000100
0001010
1010000
0001000
0010100
1000010
1111111
1111111
1010100
0001001
1000100
1000100
0000011
0001100
0100001
1010000
0010100
1101011
1111111
0110111
1011101
1111111
1111111
1111111
1111111
1111111
1111111
1000000
1111111
1111111
1111111
1111111
1111111
1111111
1111111
1111111
0000100
0000001
1010010
0101001
1111111
1111111
1111111
1111111
1111111
1111111
1111111
1111111
1111111
0100000
1000000
1111111
1001000
0000010
1111111
1111111
0011000
0010001
1111111
0001001
1010100
0100101
1000000
1111111
0100000
1111111
0101010
0001000
0010000
0000010
1000010
0001001
1111111
0000001
1111111
0111011
1111111
1000100
0110110
1111111
0010001
1111111
1111111
1001010
1111111
1111111
1111111
1111111
1111111
1111111
1111111
0010010
0100010
1111111
1111111
1111111
0001000
1100110
0010001
1111111
1111111
1111111
1010110
0101101
1111111
1111111
0000101
1111111
1111111
1111111
1111111
0000100
1000000
0111111
0111111
1101111
1101111
1101111
1110111
1110111
1101111
1101111
0111111
0111111
0111111
1001001
1111111
0111111
1111111
1100001
0100101
0010101
0001000
1111111
1111111
1111111
1111111
1111111
0000001
0010000
1111111
0010000
0101010
0001000
0001000
0001000
1010000
1000000
0010000
1111111
1111111
0000001
1111111
1111111
1111111
1111111
1111111
1111111
0001010
1010100
0101001
1111111
1111111
1111111
1111111
1111111
1111111
1111111
0001000
1010000
0100000
1000000
0000100
1111111
1111111
1011110
0100001
1111111
0001000
0000010
1010100
0000001
0010001
0010000
1000000
0100001
0000010
1111111
1111111
1111111
1111111
1111111
0000010
0100000
0010010
0010000
1000000
0000001
1111111
1111111
0000010
0100000
0000010
1111111
1111111
1111111
1111111
0010000
0100001
0010010
1001000
1111111
1111111
1111111
1111111
0001000
1111111
1111111
0010000
1111111
1111111
1111111
0100100
1001000
0010000
0100000
1000000
0001000
0001001
1000000
1111111
1111111
1100110
0011011
1111111
0100000
0000010
0000010
1111011
1111011
0100010
1111111
1111111
1111111
0010100
1111111
1111111
1111111
1111111
1111111
1111111
1111111
1111111
1111111
1111111
1111111
1111111
1011011
1101110
1111111
1010010
1111111
1111111
1111111
1111111
1111111
0000100
0000010
1010010
1111111
1111111
1000000
0001000
0100010
1111111
1111111
0100001
1111111
1111111
0010000
0001000
1111111
0001010
1111111
1111111
0011001
1111111
1111111
0101001
1010110
1111111
1001010
1111111
1111111
0010001
0100000
1000000
1000100
0101101
1011011
1111111
0001001
1111111
1111111
0111011
1010010
1010010
1000100
0100000
1111111
1000000
0100000
0100000
1111111
1111111
1000000
1111111
1011000
1111111
1111111
1111111
1111111
0000001
0001000
1111111
1111111
1111111
1111111
1111111
1111111
1111111
0001001
1111111
1111111
1111111
1111111
0000010
0000010
1111111
1111111
0010100
1010000
0001000
0010101
1001010
1111111
1111111
1111111
1111111
0000001
0000010
0010101
0101001
1111111
0000100
1010100
0000100
0001100
0011000
1111111
1111111
0010001
1111111
1111111
0001001
0010010
1111111
1111111
1111111
1111111
1111111
1111111
1111111
1111111
1111111
1000000
0000010
1111111
1111111
1111111
1111111
1111111
1111111
1111111
1111111
1111111
1111111
1011011
0100100
1011011
0100100
0100000
1111111
1111111
1111111
1111111
1111111
1111111
0100000
0000001
1111111
1111111
1111111
1111111
1111111
1111111
1111111
1111111
1111111
0010000
1111111
1111111
1111111
1111111
1000000
0100000
0000001
0000100
0000001
0010000
0000100
0000100
1010110
0001000
1111111
0100110
0000100
0000100
1111111
0101001
1111111
1111111
0000100
1111111
1111111
1111111
1000000
0000010
0100000
1111111
1111111
1111111
0000100
1000000
0010000
0001000
0001000
0000100
1001000
0100000
0001000
0010000
0010010
1000100
1111111
1111111
1111111
1111111
1000000
1100001
0000001
0000001
1111111
0101010
0100000
1111111
1111111
1110100
0100001
1000010
1111111
0000010
0100000
1001010
0000100
0000100
0010000
0001010
1111111
0011100
0001000
1000000
0101010
0101010
0100000
0001000
1111111
0010001
0001010
0001001
1000000
0100000
1010000
0000001
0001000
0000100
