12723
22416
12724
12707
54582
74992
15909
95302
95304
95306
95308
95310
95312
95314
95316
95318
95320
95322
95324
95328
95332
95334
95336
96302
96304
96306
96308
96310
96312
96314
96316
96318
96320
96322
96324
96326
96328
96330
96332
96334
96336
96338
96340
96342
96344
95326
95330
68750
58224
18242
11266
58702
79438
54703
17409
57552
57554
92003
90609
90707
90735
92025
90189
91093
90001
90035
90675
91221
90623
91047
92029
91115
90002
90030
90040
90068
90098
90104
90132
90160
90170
90176
90186
90192
90204
90210
90224
90236
90244
90252
90266
90278
90290
90304
90312
90322
90334
90342
90348
90362
90374
90380
90388
90394
90408
90418
90434
90446
90464
90476
90510
90520
90544
90570
90622
90636
90646
90662
90668
90696
90746
90774
90784
90794
90808
90824
90838
90854
90862
90876
90900
90918
90936
90950
90956
90968
90992
90996
91004
91014
91020
91028
98700
98702
98704
98706
98708
98710
98712
98714
98716
98718
98720
98722
98724
98726
98728
98730
98732
98734
98736
98738
98740
98742
98744
98746
98748
98750
98752
98754
98756
98760
98762
98764
98766
98768
98770
98772
98774
98776
98778
98780
98782
98784
90251
91139
91171
98900
98902
98904
98906
98908
98910
98912
98914
98916
90007
90027
90149
90309
90395
90487
90519
90543
90709
90741
90761
90795
90829
90973
90985
90993
91063
90365
90783
92021
92023
90923
91023
92007
92009
90349
90501
19417
79430
69106
69116
69128
69130
14804
19036
69114
69108
69102
19420
15560
12931
12267
12298
69131
19223
54804
19401
09415
79431
19421
79435
79433
59473
12844
18406
12958
19119
19415
19944
19407
16501
52939
52920
52922
52924
52926
52910
52908
52906
52904
52902
52916
52918
52914
52912
68061
68063
68065
68067
68069
58019
68053
68075
68082
58621
68098
58016
58602
68071
68090
68057
68077
68084
12547
12195
71903
71901
71905
51816
12036
59814
55334
15055
06735
06737
12954
64952
51901
64160
51882
51832
13168
12320
64953
64957
64955
12342
12341
71907
12548
55338
22646
22645
11096
11095
16502
59439
59440
11050
59441
59442
12196
22996
13424
12983
12990
18208
19609
17019
12719
12066
12413
54807
54802
19608
59602
16209
59607
18422
19654
12988
02264
59603
19607
51861
51863
51865
51867
51869
17064
17063
43842
43844
56003
56005
56011
16085
56007
43408
43410
43402
43404
43406
43412
43414
66008
43418
43420
43422
43424
43426
43428
43430
66010
43434
43436
43438
56002
66016
43806
43802
43808
56261
43551
43553
43932
56009
56013
79482
79484
19613
19611
12989
16210
19411
12015
12016
12120
57135
11202
17640
52994
52988
52974
52976
57583
57539
12318
12317
01307
57581
59167
14312
14311
19418
04435
54104
53346
12276
12293
51190
51823
14115
22442
51820
54107
12403
12294
54106
54351
54353
14113
64101
64103
64151
54391
64105
64168
64154
22639
16308
56302
56384
56377
18190
56301
75106
55126
55128
55130
52145
52147
52149
52151
52153
52155
52157
12587
17225
18047
17226
12854
12853
15097
15098
15653
37362
37368
37364
37370
37372
37374
37378
37380
37382
11265
13138
11054
55135
12119
51136
51138
51140
51142
51146
51148
51150
12159
11406
12766
51261
51239
51253
51294
12112
16343
16344
13049
12483
11057
13005
12014
12031
12013
12032
38902
38904
38906
38908
38910
38912
38916
38918
38920
38922
38914
79415
16723
16724
12316
16032
16031
55081
55079
12253
12254
58421
12315
79429
69105
69129
69127
69104
59158
79421
79425
79413
79423
79427
79417
79419
69189
69133
69135
69123
69125
59165
59115
69191
59163
22632
22631
04436
22406
14152
12583
22409
12211
15058
12444
04933
12040
13132
15622
02504
04404
15026
13430
02366
22488
12428
15530
22858
05027
02265
04401
12708
55765
05817
55753
03130
15468
55726
59731
59707
59709
59733
68749
51756
58227
54271
63224
54273
12885
12886
19707
19708
12356
12355
55143
55159
55164
52144
13506
15313
52244
52242
52246
52238
52250
52252
52240
12916
12915
56267
56265
56224
56273
68062
68064
68066
68068
68070
58020
68060
63596
63592
53521
63506
63508
63510
63512
63514
63516
63518
63520
63522
63524
63526
12361
63528
63545
63551
53321
13509
13507
63541
63543
13502
63567
63561
63569
63563
58018
12376
03511
63594
63598
68055
95502
95504
95506
95508
95510
95512
95514
95516
96502
96504
96506
96508
96510
96512
96514
96516
96518
19614
19612
74661
74663
12242
14154
11058
74651
74653
74655
74657
15934
14632
14612
54602
74924
12054
13050
13006
19326
74642
74644
12484
74682
74684
74686
74688
15708
12358
64552
14616
12460
12716
12422
14505
74671
74673
74675
54611
54613
54615
74691
15532
04993
74646
74662
74664
14002
12953
57549
15910
19038
19040
19037
19039
12962
12961
43841
43002
66000
43006
43008
66002
66004
43014
43016
43018
43020
43022
66006
43602
43604
43606
43608
43612
43614
43616
43618
43620
43622
43624
43891
43831
43650
58719
58721
17619
17621
14808
04805
51972
06733
55002
54240
54244
53021
53029
53433
53035
53002
73032
53006
53010
53012
53014
53016
53018
53020
53436
53027
73033
73021
53023
53025
53031
12130
12129
12948
12947
15666
15665
18449
18450
90233
90475
90003
90009
90023
90051
90077
90085
90819
90915
90119
91027
90138
90172
90202
90238
90264
90302
90330
90360
90398
90688
90822
90864
90892
98800
98802
98804
98806
98808
98810
98812
98814
98816
98818
98820
98822
98824
98826
98828
98830
98832
98834
98836
98838
98840
98842
98844
98846
98848
98850
98852
98854
98856
98858
98860
98862
98864
98866
98868
98870
98872
98874
98876
98878
98880
98882
98884
98886
90061
90113
90193
90679
90775
90961
90015
91149
13019
13020
12578
12577
74635
74637
74631
74633
74639
74611
74615
74625
74627
74629
53449
53447
78420
78421
78503
78412
58434
19452
16316
12609
16228
12785
16525
16524
17236
12678
16518
12657
56263
12683
22607
22694
22692
13241
54826
14555
14313
14556
14322
52183
28624
14805
14888
17307
17308
51411
57453
51029
30145
30211
30411
30413
30451
64235
64271
64273
64275
64231
68054
68059
18404
12021
12022
18415
58104
78419
78411
78408
12892
18437
12830
12282
12281
12894
12831
12074
12073
58426
12880
22805
12898
08449
22882
22811
22823
18496
18106
08439
22871
22879
12845
13244
13250
05309
55335
55347
55351
55349
52215
55344
55346
38502
59023
90865
12932
22210
12268
12955
22913
55136
55124
75102
55134
55014
75104
51135
51137
51139
51141
51145
51147
51149
72172
72174
72176
72178
72180
37512
37781
37783
37785
37202
37212
37214
37216
37218
37220
37222
37224
37226
37228
37230
37232
37234
37236
37238
37240
37242
37244
37246
37248
37250
37252
37254
37256
37260
37262
37264
37266
37268
37270
37272
37274
37276
37278
37280
37282
37284
37286
37288
37755
37741
37757
37743
37745
37747
37749
37751
37753
37731
37522
37524
37526
37528
37530
37532
37534
37536
37538
37540
37542
37544
37546
37548
37550
37552
37554
37556
37558
37711
57253
57146
57123
74636
74638
74640
74632
74612
74634
74621
74613
74623
57474
57502
57504
14209
63562
63570
63154
63156
63158
63160
63162
63164
63166
63168
52038
22904
12995
19065
19115
22474
19203
19029
12910
02534
22915
09021
11104
22933
22931
22444
19021
04421
12247
19049
22935
12907
12935
54352
54354
14321
54462
14236
54077
54466
14320
14308
14314
54311
54378
54356
74601
74603
74605
74607
74609
12237
12238
68002
98300
98302
98304
98306
98308
98310
98312
98314
98316
98318
98320
98322
98324
98326
98328
98330
98332
98336
98340
98342
98344
98346
98348
98350
98352
98354
98356
98358
98360
98362
98364
98366
98368
98370
98372
98376
98378
98380
98382
98384
98388
98390
98392
98394
99100
99102
99104
98334
98338
98374
98386
18203
18204
67276
31051
31053
31055
34165
34111
34113
34115
34117
34119
34121
34123
34125
34127
34129
34131
34133
34135
34137
34139
34141
34143
34145
34147
34149
34151
34153
34155
34157
34159
34161
34163
14803
19066
08244
14706
16863
16533
16507
18574
11089
51462
51464
56922
35012
35014
35016
35018
35020
52301
52303
52305
52307
13423
53030
53022
53450
53448
22405
53442
53446
53497
73429
12335
53444
12349
18604
19048
12891
78014
78018
69195
59032
59010
59161
12336
13104
13103
17234
17233
12971
59208
55542
78407
58030
58423
58435
58004
58008
52538
52534
52536
22929
55102
55104
55106
55146
79302
55720
12155
12156
59389
12002
13015
12846
12829
18495
22903
19116
12960
59425
11091
22829
59077
59013
59075
53036
53434
53064
53076
53138
53411
52071
58654
77303
77651
77305
77653
77655
77307
17009
11076
16572
12566
12565
22476
16312
18235
12852
12442
52001
52003
61632
51885
51607
51609
51883
51811
51612
51601
51603
59342
51684
51686
51688
55280
55578
55576
59824
59826
21126
59822
68076
68079
68073
51030
57133
11032
57686
06920
52464
52466
52468
52470
75205
15231
11123
55549
55247
28181
55222
15203
73209
73207
04415
55241
55243
55245
15276
55237
55525
71908
71904
54461
54463
22473
08246
22475
74831
12489
12458
12456
25631
74833
22308
22472
22480
16311
12495
17624
14709
54790
54705
17038
16588
75206
73201
73257
73254
73256
63595
63591
58014
59024
59046
12911
19055
22909
19052
69151
69154
59049
22387
22388
74842
12893
13064
13162
75702
55422
15463
54324
54335
54332
54329
30111
58029
78013
78017
68022
08036
78502
37511
15631
24888
74840
74844
54816
54881
14806
77604
57131
77612
78032
30082
30084
30086
33252
30012
30014
30016
30052
33112
08452
76507
76505
02509
08451
51806
54160
51807
75709
30342
33366
33362
33364
34062
30344
30346
33712
33714
33716
33718
33720
33722
33738
33728
33730
33732
33734
33736
33802
33724
33726
33812
33814
33816
33818
33820
33822
33824
33826
33828
33830
33832
33834
33836
33838
33840
33842
33844
33846
33848
33850
33852
33854
33856
33858
33752
52537
52535
52533
55553
55533
59213
59215
54502
54792
54787
54016
54018
54014
31261
55082
55080
75002
75004
55078
75006
05062
55732
57129
71088
72502
72504
30116
33232
30112
31214
31212
31216
31218
31220
31222
31224
31226
31228
31230
31232
31234
31236
31238
31240
63106
61631
22186
13026
59390
12198
19712
54811
12183
59320
78015
78019
78012
78016
78020
18008
57124
78819
58801
51196
68081
68087
78024
78028
68096
78026
14055
14056
19035
69101
69115
69113
69107
59157
22930
79455
59117
59121
59119
69117
69119
69121
59831
59103
59101
69112
69110
12639
12640
58622
53361
53357
53360
58024
37112
37114
37116
37118
37120
37122
74614
74626
74628
74630
74616
74622
74624
58151
51348
51452
51324
51326
34332
34601
34611
34613
34615
34617
34619
34621
34623
34625
34627
34629
34631
34633
34635
34637
34639
34641
34643
34645
34647
34311
34313
36012
32412
32414
73552
53351
53611
53349
53348
19408
22407
53522
14235
53362
04997
14265
22408
14213
55120
13346
21108
14219
14203
54333
54255
12166
12168
54268
54270
16230
19570
54291
14260
18612
18312
13134
54263
54265
19058
54021
33592
33594
51154
51182
51157
51187
51285
22111
51183
11025
59076
51197
08243
08245
18236
58219
22815
68734
68732
58210
58212
22940
12856
58214
08282
68747
12851
12441
22843
68740
12849
68719
68727
58201
58229
68738
68736
58114
22619
17481
90680
92022
90890
92028
92006
90324
90722
90828
90972
91148
91158
90770
90804
90182
90260
90292
91036
91094
90392
90102
90150
90568
71093
71081
71083
71085
69168
69166
05106
30312
33361
33363
33367
33365
33262
33357
33351
33311
33313
33315
33317
33319
33323
33321
33402
33432
33434
33436
33438
33440
78810
78822
78808
58865
58871
58867
58863
58869
58873
52938
59227
52944
52934
52942
52940
59232
71902
71906
55342
04998
54766
74985
74987
54559
54561
54563
19225
14501
54701
12048
54781
54755
54753
59711
54552
54556
55121
55101
55103
55010
55123
55118
57241
57240
74028
22812
22824
95202
95204
95206
95208
95210
95212
95216
95218
95220
95222
95224
95226
95228
96204
96206
96208
96210
96212
96214
96216
96218
96220
96222
96224
96228
95214
96202
96230
96226
14223
14224
75101
55133
13106
55137
55139
11107
11108
54323
55037
12941
19204
12972
59228
59272
17203
19260
59225
59207
59268
59202
59296
59270
59230
59204
59234
64071
91178
91092
90139
90019
90049
90071
90671
90781
90859
91035
90185
90145
90219
90905
91137
90450
90504
90764
90802
90812
90836
90848
90852
90858
90872
90886
90898
90908
90916
90920
90940
91044
90184
91162
91166
91170
91174
90004
90008
90014
90016
90020
90028
90034
90042
90046
90052
90058
90060
90070
90078
90082
90086
90090
90094
90100
90110
90114
90120
90124
90126
90130
90140
90144
90152
90158
90174
90188
90218
90228
90240
90248
90258
90268
90280
90282
90308
90318
90332
90350
90368
90382
90396
90414
90422
90428
90432
90440
90448
90452
90456
90466
90472
90478
90484
90488
90492
90498
90502
90512
90518
90526
90532
90538
90546
90554
90558
90560
90566
90572
90578
90582
90586
90590
90596
90600
90602
90612
90616
90626
90630
90632
90644
90648
90654
90658
90664
90674
90682
90686
90690
90700
90704
90708
90718
90724
90728
90734
90738
90750
90752
90758
90768
90776
90786
90792
90800
90816
90830
90842
90856
90866
90870
90882
90894
90902
90910
90922
90926
90932
90938
90942
90946
90958
90962
90964
90970
90976
90980
90984
90994
91006
91010
91024
91034
91040
91042
91050
91052
91060
91064
91068
91078
91096
91100
91108
91110
91112
91118
91122
91126
91130
91138
91144
91146
91152
90404
90720
90026
90106
90118
90134
90148
90162
90166
90178
90200
90212
90232
90254
90262
90286
90296
90316
90326
90344
90356
90364
90376
90386
90390
90406
90410
90420
90426
90436
90470
90536
90550
90564
90592
90606
90620
90640
90670
90678
90698
90712
90952
90990
91000
91022
91026
91056
91072
90826
90878
93007
93009
91191
90293
90367
90409
91117
90005
92001
90055
90073
90089
90187
90231
90257
90285
90295
90393
90443
90459
90517
90647
90745
90807
90823
90953
90955
92027
91037
91073
91161
77206
77232
57280
77239
77233
77237
57321
77243
18438
63505
63507
63509
63511
63513
63515
63517
63519
63521
63523
63525
37786
37782
37784
35011
35013
35015
35017
35019
53063
53061
36812
36814
36816
36818
36820
36822
36824
36826
36828
36832
36834
36836
36838
36840
36842
36844
36846
36848
36850
36852
36854
36856
36858
36860
36830
37822
37812
37814
37816
37818
37820
37824
37826
37828
37830
37832
37834
37836
37838
37840
37842
37846
37844
37848
37850
37852
37854
63502
53417
73011
13013
53065
53067
53069
31152
76508
66528
76501
76503
76518
76513
76515
56511
56505
16521
66531
58152
64951
59806
59357
59359
63262
53219
63235
63232
55766
75718
55768
56666
90652
91016
90676
91128
90112
90198
90256
90370
90444
90486
90534
90576
90660
90778
90818
90944
90966
90310
90018
90044
90050
90056
90076
90036
90066
90226
90400
91008
90346
90516
90552
90608
90702
90025
90163
90011
90043
90083
58428
58430
57254
56504
57242
57278
77231
57231
67272
77213
77201
57206
77221
67254
67273
77284
57238
77254
77207
77215
57204
57212
67298
67263
67300
67261
17208
67251
77281
77287
57225
38204
38202
51240
59395
12823
58803
58805
56650
56659
56652
06607
56655
56602
16307
16305
16313
12666
16382
56527
56716
66305
22622
56717
13246
13245
54103
53352
56651
66600
12969
56323
56146
56148
56150
56144
56320
66607
66602
66605
56605
16612
56526
79428
79422
79416
79414
79426
79420
79424
79418
90305
90327
90355
90373
91225
90103
90153
90175
90191
90199
90207
90215
90223
90237
90253
90269
90279
90307
90311
90325
90337
90347
90371
90383
90401
90405
90421
90441
90463
90503
90511
90545
90569
90615
90629
90655
90665
90695
90737
90765
90771
90785
90797
90803
90817
90843
90853
90871
90893
90909
90927
90933
90943
90947
90967
90979
90989
91001
91003
91013
91019
91029
91041
91075
90249
90885
90913
90975
91099
91141
91157
91179
91185
91219
91235
90127
90205
90259
90297
90317
90353
90389
90717
90793
90841
90849
91015
91061
91085
91103
90425
90453
90467
90477
91111
90159
92019
90935
90981
91143
90099
90111
90133
90203
90225
90243
90263
90281
90315
90323
90335
90341
90351
90391
90403
90415
90455
90461
90525
90559
90575
90619
90667
90681
90723
90789
90799
90811
90815
90831
90847
90851
90863
90879
90891
90895
90911
90925
90941
90945
90959
90965
90983
90997
91009
91017
91031
91043
91057
91079
91089
91133
91155
91165
91181
90833
91201
91215
91231
91233
91241
90021
90029
90033
90041
90053
90063
90065
90069
90079
90087
90091
90097
90101
90115
90121
90123
90131
90135
90143
90151
90157
90165
90169
90173
90179
90195
90201
90213
90221
90235
90241
90261
90265
90273
90275
90287
90289
90303
90313
90321
90329
90333
90339
90343
90357
90369
90375
90379
90385
90397
90411
90417
90429
90433
90437
90449
90457
90471
90481
90491
90495
90497
90505
90507
90521
90527
90529
90531
90535
90539
90547
90551
90555
90557
90561
90563
90573
90581
90585
90591
90593
90595
90601
90603
90611
90621
90625
90633
90639
90643
90645
90651
90653
90657
90661
90669
90677
90685
90687
90691
90693
90701
90711
90713
90721
90725
90731
90739
90747
90751
90755
90763
90773
90777
90787
90801
90809
90827
90845
90861
90883
90889
90897
90899
90917
90929
90939
90957
90963
90977
90987
90995
91007
91025
91039
91049
91051
91053
91067
91071
91095
91097
91107
91119
91121
91125
91127
91131
91135
91151
91153
91163
91177
91183
91193
91197
90045
90255
90283
90345
90407
90479
90523
90607
90627
90697
90719
90749
90869
90901
91113
91195
90921
91205
91209
91223
91229
90431
91167
91173
90473
93005
93011
93017
90177
90229
90267
90301
90377
90427
90469
90445
90493
91123
91211
91207
90031
90081
90641
90753
90769
91055
91105
91169
91187
91199
90875
90413
90489
90537
90577
90605
90703
90039
90047
90059
90067
90093
90105
90117
90125
90137
92005
90147
90171
90181
90197
90209
90217
90239
90245
90277
90291
90299
90319
90331
90363
90387
90399
90423
90435
90439
90451
90465
90483
90499
90509
90533
90541
90549
92013
90565
90587
90599
90617
90635
90659
90663
90673
90689
90705
90727
90743
90779
90805
90825
90857
90873
90887
90903
90919
90931
90949
90969
90991
91005
91021
91033
91065
91101
91129
91147
91159
91175
91217
91227
91239
90017
90095
90867
91059
91081
77271
36032
36034
36036
36038
52026
12984
12241
22452
15904
14613
04924
19308
19718
04925
15012
12232
22688
12046
13256
15032
22451
15319
15320
33061
34501
34511
34513
34515
34517
34519
34521
34523
34525
34527
34529
34531
34533
34535
34537
34539
34541
34543
34545
34547
34549
34551
34553
34555
34557
34351
34355
34353
56006
56004
40514
40516
40518
40520
40522
40526
40502
40602
40504
40604
40506
40606
40608
40508
40510
40610
40512
40612
40614
40616
40618
40622
40524
40624
40528
40626
40530
40532
40628
40534
40630
40536
40632
40538
40634
40636
40540
40542
40638
40544
40640
40546
40548
40642
40550
40644
40552
40646
40554
40648
40556
40650
40558
40652
40560
40654
40562
40564
40656
40566
40658
40568
40660
40570
40662
40572
40664
40666
40574
54313
11006
11022
12177
12175
12178
12176
16215
16216
19307
12760
12759
18237
15004
15003
58222
53582
16616
16615
12164
12682
12604
16176
12668
16116
12686
12163
16854
22640
12692
12680
12610
22681
16102
22624
11074
11027
12624
12658
12602
12434
12674
12673
12981
12982
11059
18238
14110
15206
15205
51755
58220
58221
28242
51754
51606
30511
12824
56661
17643
17644
40802
40804
18403
68018
58012
78101
68010
58031
96303
97602
97604
97606
97608
97610
97612
97614
97616
97618
97620
97622
97624
97626
97628
97630
97632
97634
97636
97638
97640
97642
97644
97646
97648
97247
97023
97079
51406
56653
56657
56600
56664
98604
56272
56277
56203
56207
56209
56201
56281
14151
14153
64236
22443
54336
64153
14109
51825
55327
54152
12210
22441
14123
12469
54158
15037
51802
64210
64254
64202
64204
64206
64208
64212
64252
54156
12033
64159
64163
54102
54212
54154
54326
51809
14155
17204
57232
17221
07428
17206
57255
12339
12340
12776
12775
16613
11013
12679
12681
16617
16609
22995
59605
25014
25013
12841
12842
05306
14222
55055
55008
55074
55817
55131
55013
55009
55165
55019
15112
15053
05065
11060
55017
15107
55220
55218
55115
05115
18182
53345
84370
53344
51676
51680
18614
51677
52027
68080
53340
51111
51113
51115
51119
95301
95303
95305
95307
95309
95311
95313
95315
95317
95319
95321
95323
95325
95329
96345
96347
96349
96301
96305
96307
96309
96311
96315
96317
96319
96321
96323
96325
96327
96329
96331
96335
96339
96341
96343
98785
98701
98703
98705
98707
98709
98711
98713
98715
98717
98719
98721
98723
98725
98727
98729
98731
98733
98735
98737
98739
98741
98743
98745
98747
98749
98751
98753
98755
98757
98759
98761
98763
98765
98767
98769
98771
98773
98775
98777
98779
98781
98783
12111
12362
95501
95503
95513
95515
95517
96503
96505
96507
96509
96511
95505
95507
95509
95511
95519
98801
98803
98805
98807
98809
98811
98813
98815
98817
98819
98821
98823
98825
98827
98829
98831
98833
98835
98837
98839
98841
98843
98845
98847
98849
98851
98853
98855
98857
98859
98861
98863
98865
98867
98869
98871
98873
98875
98877
98879
98881
98883
98885
98887
98301
98303
98305
98307
98309
98313
98315
98317
98321
98325
98327
98329
98331
98333
98335
98337
98339
98341
98343
98345
98347
98349
98351
98353
98355
98357
98361
98363
98365
98367
98369
98373
98375
98377
98379
98381
98383
98385
98387
51153
95201
95203
95205
95207
95209
95211
95213
95215
95217
95219
95221
95223
95225
95227
95229
95231
95233
95235
96207
96209
96211
96215
96217
96219
96221
11041
97655
97601
97603
97605
97607
97609
97611
97613
97615
97617
97619
97621
97623
97625
97627
97629
97631
97633
97635
97637
97639
97641
97643
97645
97647
97649
97651
97653
98605
95803
95801
97201
97203
97207
97209
97211
97213
97215
97217
97221
97223
97225
97227
97229
97231
97233
97235
97239
97241
97243
97245
97249
97251
95805
51034
97501
97503
12598
01711
95001
95003
95005
95007
95009
95011
96003
95129
95101
95105
95107
95109
95111
95113
95115
95117
95119
95121
95123
95125
95127
96115
96117
96101
96107
96109
95103
95421
95401
95403
95405
95407
95409
95413
95415
95417
95419
96401
96403
96405
96407
96409
95411
95703
95707
95709
95733
95701
95705
95713
95715
95717
95735
95737
95729
95739
97091
95723
95727
97001
97005
97009
97011
97013
97015
97017
97019
97021
97025
97027
97029
97031
97033
97037
97039
97041
97043
97045
97047
97049
97051
97053
97055
97057
97059
97061
97063
97065
97067
97069
97071
97075
97077
97083
97087
97097
97101
97103
97107
97109
97111
97115
97117
97119
97123
22107
98601
98603
98145
98201
98203
98205
98001
98003
98007
98009
98011
98015
98017
98019
98021
98023
98025
98029
98031
98033
98035
98037
98039
98041
98043
98045
98047
98051
98053
98055
98057
98059
98061
98063
98065
98067
98069
98071
98073
98077
98079
98081
98083
98085
98087
98089
98091
98093
98097
98099
98101
98103
98105
98107
98109
98111
98115
98117
98119
98121
98123
98127
98129
98131
98133
98137
98139
98143
98147
98149
98151
98153
98155
98159
98161
98165
98169
98173
98175
98179
98181
98183
98185
98187
98189
98191
98193
98195
98197
98199
11305
95601
95609
95611
95613
95615
95617
96653
96655
96657
96607
96609
96611
96613
96615
96617
96619
96621
96623
96625
96627
96629
96631
96633
96635
96637
96639
96641
96643
96645
96647
96649
96651
95603
95605
95607
95909
95913
95915
95917
95919
95911
95907
95903
95905
97441
97443
97445
97301
97303
97305
97307
97309
97313
97315
97317
97319
97321
97323
97325
97327
97329
97331
97333
97335
97337
97339
97343
97345
97347
97349
97351
97353
97355
97357
97359
97361
97363
97365
97367
97369
97371
97373
97377
97379
97381
97383
97385
97387
97389
97391
97393
97395
97397
97399
97401
97403
97405
97407
97409
97411
97415
97417
97421
97423
97427
97429
97433
97435
97437
97439
98579
98501
98503
98505
98507
98509
98511
98513
98515
98517
98519
98523
98527
98529
98531
98533
98535
98537
98539
98541
98543
98545
98547
98549
98551
98553
98555
98557
98559
98561
98563
98565
98567
98569
98571
98573
98577
56517
56520
78501
58433
58424
58436
78507
58405
58401
58415
79456
59118
59122
59120
76841
76843
52086
02088
02090
02094
04852
52088
02096
02086
74832
51254
59396
58834
58836
58849
58851
58853
58855
51256
58832
58838
12959
22629
12930
12722
19063
12351
11033
11065
12344
12343
52948
52932
52946
52930
14035
57515
12182
12181
52028
52046
52024
52042
52020
05818
55609
15766
15817
15559
55279
55575
55577
04407
15236
17006
55517
55224
15234
11066
55255
11034
55507
17008
55239
55509
55254
74652
74654
74656
74658
15933
15903
15942
12526
05942
15930
12235
15928
05968
15902
55910
15905
55905
55907
12424
12423
12435
64093
51323
51327
51350
55166
55171
55173
55175
55177
55179
55167
55169
30081
30083
30085
33412
33251
33231
33291
33271
33212
14631
14266
15006
14318
12055
22660
14120
12688
15002
54342
12490
90649
90881
91011
91069
90553
90597
90951
69157
69145
93019
90129
90155
90183
90211
90361
90381
92011
90513
92015
90589
90613
90637
90683
92017
90757
90791
90937
91083
11007
11008
12123
12124
19030
12215
14705
12457
12455
12985
74033
74037
12216
14626
22471
12265
22482
19264
54421
19580
14812
22401
12687
19019
19020
22659
29020
12017
12018
64412
64064
64062
74025
54057
19263
54473
17057
17058
56707
56774
56776
56704
68706
68711
68723
68730
68710
12848
68688
13417
22877
22889
68686
22873
13319
73214
73215
63527
34811
34813
34815
34817
34819
34821
34823
34825
34827
34831
34833
34835
34837
34839
34841
34843
34845
34847
34849
34851
34853
34855
34857
34829
13352
14036
12821
12822
69190
69120
69118
59393
69181
69187
69196
59229
79458
79460
75720
75716
51118
06596
13351
63552
63546
53322
68088
53339
12832
13305
63547
68020
53341
13331
13303
53335
53324
53326
53334
57327
57440
52179
52181
51112
51114
51116
71082
97202
97204
97206
97208
97210
97214
97216
97218
97220
97222
97226
97232
97238
97242
97248
97254
95802
95804
95808
97212
97224
97230
97234
97236
97240
97244
97246
97250
97252
97228
15901
15929
13505
11045
11046
72204
72206
72208
72210
71094
71084
71086
01421
50119
71089
71095
50105
52544
52588
52540
02540
69134
69136
32212
32214
32216
32218
32220
32222
32224
32226
32228
32230
32232
32234
32236
32238
32240
32242
32244
32246
32248
32250
32252
64107
64109
55719
55813
05617
55714
55762
55862
55722
55824
57145
67271
67270
51902
64152
64102
14001
54078
54005
54503
74027
04408
64104
14206
14731
51915
54641
64434
64402
64414
64406
64404
64408
64410
64418
64582
14011
54475
54035
54031
14659
74013
54303
64106
64108
54056
54308
54033
64533
64531
64451
64453
64001
14037
54413
54309
54085
54415
54417
54419
54471
74011
64913
64911
64915
64931
51903
13120
74023
54059
51905
51909
51913
74021
74001
51911
54521
04411
64584
14521
54505
59235
53641
53643
53645
53647
55569
55555
51886
55903
57468
55912
73202
83132
63218
53230
63219
18184
53232
19064
73902
73904
13010
13009
23010
53358
53350
53612
53604
53364
53602
53608
53609
76554
96313
95327
97219
97237
97253
95725
95731
95711
95721
97035
97073
97081
97085
97089
97093
97095
97099
97105
97113
97121
97125
12131
95901
97311
97341
97375
97413
97419
97425
97431
93002
93006
93004
93010
93016
93018
93014
69160
69162
69164
93008
93012
93020
69148
69158
69150
69156
69146
59044
78818
08760
08874
08752
78816
18209
33612
33614
33616
33618
33620
33622
33624
33626
33628
33630
58712
58714
58716
54765
54555
54632
53556
18620
53082
53552
18241
18207
78817
08759
08751
08873
68741
18215
12549
18211
18213
18205
18201
18426
68702
68704
68708
68718
68726
58529
12357
12220
12269
12246
12266
12213
22202
22201
22214
52951
52950
51181
15636
51458
17302
56904
56902
18646
18645
66601
56840
56846
56100
66609
56825
56844
56842
14795
14796
52138
43861
16606
16605
16187
16314
16306
12677
12684
22608
06736
06734
56379
56303
22816
56370
56376
02854
16188
66301
56385
56389
56381
56383
56387
12224
12646
56362
12283
16359
66612
22149
66303
66309
66307
56391
56364
06731
51189
51158
51827
51671
51830
51673
54468
54470
64157
64156
64155
12703
12704
13484
13413
13483
13414
51028
51027
51824
54465
55328
51826
05305
15039
15041
14221
14205
54231
54233
22104
54110
54238
54372
54374
74988
74986
54560
14732
74972
74974
74976
74978
54786
74982
74984
54783
55331
55610
55611
59713
59715
59719
59717
12922
12921
67275
77605
57660
47197
47199
47200
47201
47202
47149
47150
47151
47153
47152
47154
47211
47155
47165
47156
47157
47198
47214
47158
47169
47160
47216
47161
47162
47163
47164
47218
47166
47207
47167
47203
47220
47170
77679
77681
77309
77609
47204
47168
77631
77632
77633
77634
77635
77638
67277
74032
74036
51916
74034
74038
14545
54151
63261
53208
53210
19024
54562
54564
14614
54642
74971
74973
74975
74977
54785
74926
14625
19023
54046
74936
74938
74940
05718
74962
74964
54646
54572
54052
14601
05530
68712
68742
68713
68743
68715
58118
68724
12616
08588
08586
68733
68731
58209
18239
58203
68745
13017
13018
16506
16336
19451
14216
14215
13186
13330
13329
12669
12670
13185
13308
13307
12937
12938
14044
14043
15715
15716
16532
12203
73258
13306
53607
53363
53601
53603
22410
13024
53624
01710
53404
53616
53626
53628
53630
53632
73378
63548
15619
53613
12389
63244
63248
63254
63258
63260
63242
63246
63250
63252
63256
53234
68097
53337
33382
33682
33684
33686
97502
97504
75103
13510
14214
55026
55028
55049
55031
52253
52257
52259
52267
52261
52263
52265
55033
55035
11111
69124
69126
59166
59116
69122
57642
57277
67279
57412
57430
77214
57211
77209
77211
77235
77219
77202
77204
17403
57279
30142
31742
31744
31758
31746
31748
31756
31750
31752
31754
31912
31914
31916
31918
31920
31922
31924
31926
31928
52941
52935
52943
52945
74031
74035
55754
25632
15632
12510
12517
05609
55815
02502
15606
06335
15646
15648
55603
55820
15613
55804
55806
55810
55802
15617
15640
12514
07150
55607
12508
12516
19152
19453
12993
16505
18502
12860
12859
54394
54381
54383
19410
15057
13508
14611
55001
02533
09016
75001
75003
55077
75005
05061
55119
05105
04923
55056
55020
12597
15005
55025
55027
05610
15104
12532
15050
15052
15018
11082
12541
55208
55030
55149
55204
55206
55202
15019
55039
55141
55069
55051
55043
15045
15029
11038
12589
55042
15022
09015
05028
55012
55076
55072
05029
15023
12591
15015
90216
90272
90306
90340
63542
63544
53359
53347
68017
53343
58604
53328
52255
69132
69192
19309
58420
58418
58505
77230
77283
67274
67259
77289
57328
22118
57326
57306
57317
57319
57381
77222
77224
12705
67255
57310
57315
77285
57330
12779
12780
12450
12449
11055
11056
12728
12727
15315
15316
17201
17202
12903
12904
16535
16536
12419
12420
15232
78820
58802
78821
78807
78809
58804
08871
78801
78803
78805
58806
12405
12409
12406
12410
12555
12556
19409
12592
15046
15017
12590
23154
13154
13153
12737
12738
42002
42004
42006
42008
42010
42012
42014
42016
42018
42020
42022
42024
42026
42028
42030
42032
42034
42036
42038
42040
42042
42044
42046
42602
42604
42606
42451
57155
57628
57649
36072
12615
83131
53520
53512
53514
53516
53518
57454
57422
57632
57437
57452
57426
57470
57428
57476
57478
68004
78034
58110
19011
19012
12901
12902
19033
19034
12917
12918
51608
51610
12660
12659
16342
16128
56371
56375
56365
56373
56043
12509
12515
12507
06336
15647
15635
15629
15645
15630
77689
51881
51884
59823
59825
11124
11126
12197
11102
11112
52173
52175
52171
74602
74604
74606
74608
74610
57439
22131
22132
64401
64437
64417
64439
64441
64443
64445
64403
64407
54302
64902
64904
64421
64423
64425
64427
64429
64431
64433
64415
64409
64449
64420
64471
64052
64906
64031
12153
22613
59811
59812
16592
16591
22939
19577
29059
22908
22906
12475
19578
22917
14523
17415
17416
13164
13163
53062
12811
13113
13114
33652
33654
33656
33658
33660
33662
33664
33666
01714
59394
22184
12062
12154
55816
12364
55750
55752
55748
14610
14609
68644
68646
68048
14553
14554
14096
52573
52572
14095
52456
52455
12332
12331
16317
16318
16788
18447
18448
18508
55541
55550
55244
55248
55540
25201
15201
12443
13501
38052
38056
38058
22614
38054
77304
77652
77654
77306
77656
77308
04765
04767
04769
52921
52919
33312
33314
33316
33318
33282
30326
33512
33514
33516
33518
33520
33522
33524
33526
33528
33536
33530
33532
33534
13051
13052
56909
12221
12261
22832
12833
12664
12809
12840
58001
12869
37386
54301
54306
64581
64585
54191
54192
56518
56529
16578
64586
54193
54194
53441
53445
54601
22916
74834
54631
54044
54834
59722
74836
54603
54635
54835
74848
74846
76524
06592
74923
14012
74925
74911
74913
74917
74919
54071
74915
54637
58161
58026
12812
18626
22846
02875
18624
58659
58662
58142
18637
12835
51412
12778
51420
56501
17028
17027
57438
56524
12701
12702
12158
12157
19610
14116
04934
12053
22918
12912
24887
54476
12370
04932
12172
03428
54481
54483
54485
15033
12063
12834
58015
37365
37361
37363
37369
37367
37371
38901
38903
38905
38907
38911
38913
38915
38917
38919
38921
53001
38501
37201
37291
37211
37213
37215
37217
37219
37221
37223
37225
37227
37229
37231
37233
37235
37237
37239
37241
37243
37245
37247
37249
37251
37253
37258
37255
37257
37259
37261
37263
37265
37267
37269
37271
37273
37275
37277
37279
37281
37283
37285
37290
37287
37289
68007
58003
58013
13063
13025
37111
37113
37115
37117
37119
37121
36011
36811
36813
36815
36817
36819
36821
36823
36825
36827
36829
36831
36833
36837
36839
36841
36843
36845
36847
36849
36851
36853
36855
36835
37837
37839
37841
37845
37847
37853
37849
63501
37843
37811
37813
37815
37817
37819
37821
37823
37825
37827
37829
37831
37833
37835
37851
37855
37857
36031
36033
36035
36037
58011
12262
12870
15235
12847
12311
12274
13023
02501
36071
68003
38051
38053
38057
37387
37385
13071
12371
12307
53041
13016
38701
38719
38703
38707
38711
38713
38715
38717
38721
38723
38705
38601
15711
18005
37915
37919
37921
37911
37913
37917
37923
37925
37927
12353
03061
12839
38303
38307
38309
38311
38315
38317
38319
38823
38827
38829
38821
38825
38803
38805
38807
38809
38813
38819
38831
38801
38811
38815
38817
53049
53003
13011
36081
36083
36085
36087
12810
12321
37651
37653
37655
37657
22817
12323
12249
22309
03059
12906
37611
12867
38455
38401
38403
38405
38409
38413
38415
38419
38421
38423
38425
38429
38431
38435
38437
38439
38441
38445
38447
38449
38451
38453
38411
38427
38433
38443
12827
12222
02222
12837
12887
12895
12881
02837
53043
05008
18627
22891
13043
03043
22803
37041
37043
37045
37047
37049
37051
37053
37055
37057
37059
37061
37063
37065
37393
37395
22894
37011
37013
37015
37017
37019
37021
22831
13053
37315
37353
37313
37311
37317
37319
37323
37325
37327
37329
37331
37333
37335
37339
37341
37343
37345
37397
37347
37349
37351
12663
38105
38109
38103
12245
12863
56012
17020
12720
57130
47206
47208
47209
57156
11303
67266
47100
47101
47102
47103
47104
47105
47106
47107
47108
47109
47110
47111
47112
47113
47114
47115
47116
47117
47118
47119
47120
47121
47122
47123
47124
47125
57547
57563
17014
17005
17011
57517
67264
12603
17031
57550
73372
73374
63549
72203
72205
72207
72209
51423
22941
19325
14317
22183
22185
11125
22944
19312
59307
14319
19801
11701
19324
11471
09310
09311
59379
12923
19321
19313
79306
79308
79310
59388
21125
12227
19314
19310
22105
22106
15603
18411
18412
15719
15720
13401
13236
13235
13402
12482
12481
19412
14212
14211
15470
15472
15469
15471
13466
13465
11452
11451
15604
12411
12412
14315
14316
12384
12383
19802
12726
12725
19323
15713
15714
12466
12416
22609
22610
15815
15615
15816
15616
12127
12128
13226
13225
22187
22188
15105
15106
15718
15717
53207
73261
73263
18695
12872
12871
68714
68744
68716
58845
58206
58814
58812
58112
58815
15314
52243
52256
52207
52203
59358
12239
12967
19573
12975
12973
54805
12979
63568
53623
63566
63207
63209
18103
12380
18104
12379
77683
77691
12477
12414
12207
15654
12588
14034
14033
12425
12426
13151
19059
13257
13258
12076
12075
12081
12082
12078
12077
12080
12071
12067
12068
12051
12052
12083
12084
13419
68091
68092
19107
19108
12805
12806
15211
15212
15269
15270
15267
15268
14604
14603
15271
15272
15101
15102
15210
15209
13420
12069
12070
12079
12024
12023
12072
19224
09022
19226
14502
12470
18216
12550
22942
18110
04992
03152
14714
74907
54653
54651
55744
55734
55736
55764
55740
55742
13160
55756
12160
58868
58870
12188
01709
11472
11702
11652
12061
01712
15118
12192
58840
58876
22181
01656
51701
11464
11466
11449
12194
18212
52472
52474
68019
08052
08018
08002
68094
18003
68023
15941
12874
12818
12873
12817
11078
11077
54036
54053
12825
12826
51815
51831
51819
11103
51812
54159
51805
54157
51828
51821
11109
51813
51818
54032
54034
54024
54045
54043
54038
54040
54042
54048
54006
54008
54050
74951
74953
54625
58010
52515
52514
52931
52947
59837
59839
05613
71105
71109
71113
71117
52033
52035
52462
52122
52124
53498
73430
73901
73905
73903
53615
13072
73427
53479
73421
53423
73425
13410
53408
53416
53432
73914
73912
73916
12101
12102
52952
52956
58208
58304
54108
55160
55144
54262
54376
14201
16508
22484
52546
52574
52575
52548
52549
52547
54806
12035
54808
12404
14807
12240
12956
22934
12980
19711
59805
12970
19717
52085
02089
02087
02093
12986
18214
59714
59721
54833
12974
22478
19715
12968
51974
12976
11204
19574
12940
59802
19713
19735
52083
52081
02081
59706
12992
09721
22696
73152
57451
56911
56915
58213
58117
58162
58134
58135
58137
58215
22932
22479
14660
12372
14809
54819
04802
14703
63564
63169
63151
63153
63155
63157
63159
63161
63163
63165
63167
73551
53581
53555
53551
63565
63573
63571
53140
63211
73538
16086
56845
56839
16519
15605
55913
54803
54801
54825
19056
74841
74843
74839
54813
54812
54704
22481
22483
74835
12308
22477
14810
54820
04801
14889
16126
74837
18474
54810
74641
74643
74934
74931
74933
74935
74937
74932
74939
54644
54643
74912
74914
74916
74918
74920
54072
54638
74954
74952
54626
74648
14682
74942
74944
74946
74948
74901
74903
54621
52551
52559
12569
55518
18420
12570
53042
13136
15547
55527
18606
08612
15284
55514
55520
55516
14257
17616
17604
12786
17651
16354
17035
17036
12226
12225
57626
57625
57257
14724
14723
18478
12312
12006
12011
12012
12005
52453
15667
11071
11072
15959
15960
15657
15658
13150
13149
18001
18002
16517
12665
16381
16526
12634
12633
64214
64216
16175
12408
22512
22511
12407
12545
12546
12627
12628
12933
12934
16523
15040
14258
51767
16021
16022
19709
13027
13028
12949
70102
70104
16516
56642
56644
43902
43904
43912
17639
57473
22119
22117
57325
57425
57435
17606
77671
57447
17615
57307
57561
77674
77675
17652
16353
57601
57690
57688
57620
77693
17603
16570
57305
19259
12201
09309
22114
56317
16562
52925
52923
58425
74681
74683
74685
74687
12625
12626
12218
78804
78806
78802
12039
14119
12208
12209
15044
55304
55302
52587
52545
52542
58601
58017
58007
08035
68021
58603
68643
68645
68047
58025
38726
38712
38702
38704
38706
38710
38714
38718
38720
38722
38724
38708
08017
08051
58009
58005
22875
38716
68013
68005
68011
68015
58021
22603
56665
06606
22604
95002
95004
95006
95008
95010
95404
96016
96002
96004
96006
96008
96010
96012
96014
96018
38602
11018
56513
76815
56711
76813
15707
55221
55731
55223
05717
55539
15712
55733
55735
55739
55741
55743
55763
75704
55704
55702
55708
55727
55729
55715
55537
28182
55717
55758
55760
14520
14519
53625
53627
53629
53631
73428
53480
73422
53424
73426
63572
63574
63205
66534
02877
02878
95102
95104
95106
95108
95110
95112
95114
95116
95118
95120
95122
95124
95126
95128
95130
95132
95134
95136
95138
95140
96102
96104
96106
96110
96001
96005
96007
96009
96011
96013
96015
51317
96108
52955
74014
64452
64454
54047
54037
54039
54041
64462
74993
64545
64547
64483
76830
76840
76837
74981
74983
14887
54304
52457
22456
14503
34056
30128
31192
31312
31314
31316
31318
31322
31324
31326
31328
31330
31332
31334
31336
31320
71102
71108
71112
71116
56819
51614
68074
31726
31722
31724
31802
31838
31812
31816
31820
31822
31824
31828
31830
31832
31834
31836
31814
31818
31826
31584
31586
59205
51683
51685
51687
52992
52964
19414
12319
13167
13137
13131
03129
13161
30612
15233
12525
05941
15049
15051
12363
53139
13135
03585
13117
53179
12325
13165
16561
19262
16315
12777
12257
52953
12360
12518
76506
76502
11049
13152
19413
13159
12322
12301
12305
12302
12306
66304
66308
11019
11020
51870
51862
51864
51866
51868
17211
17212
12648
12647
10111
10112
11304
51428
51408
11404
51410
51430
11052
51442
18006
22648
18697
18698
51611
59821
59832
59813
59801
12060
59838
59840
05614
51613
59833
09807
13238
13240
22981
19803
19805
12676
12675
11030
11029
56008
66019
57404
57402
57406
56881
56883
77272
66527
66529
55316
55318
55320
55312
55313
05311
63550
73377
73371
73373
73370
73366
53366
53370
76504
76552
08281
22647
18517
58502
04806
17406
17405
18615
18616
24512
54401
54403
54405
64111
64113
22116
77260
77255
12762
57467
57469
57436
77302
77696
18108
58302
18511
58537
56106
56108
06744
76836
76834
52047
55333
55337
55343
55341
15038
15042
55332
55326
51975
55339
55330
55345
95402
95406
95408
95410
95412
95418
95420
95422
95424
95426
95428
96402
96404
95414
95416
64959
64901
64073
54003
51604
51602
51188
68748
51605
51679
51675
51672
12650
59102
59104
54092
54386
54388
54390
56530
56386
56390
56305
56393
12369
58006
58407
58409
58429
58427
21107
51801
51822
22447
19665
11016
11015
19131
19132
73031
53435
53005
53009
53011
53013
53015
53017
53019
37742
37744
37746
37748
37750
37752
37756
37754
37758
37912
37914
37916
37918
37920
37922
37924
37926
37928
73035
53007
31112
73365
73369
34981
52302
52304
52306
52308
51437
31392
31394
56378
56380
56382
56388
96501
97136
97106
95710
95704
95714
95724
95726
95730
95732
95736
97032
97002
97004
97006
97008
97010
97012
97014
97018
97020
97022
97024
97026
97028
97030
97034
97038
97040
97042
97044
97046
97048
97050
97052
97054
97058
97060
97064
97066
97068
97070
97072
97074
97076
97078
97080
97082
97086
97094
97096
97098
97102
97104
97108
97110
97112
97114
97116
97118
97122
97124
97126
97130
97132
97134
95712
95716
95718
95720
95734
95738
95708
95706
95722
95728
97016
97036
97056
97088
97092
97100
97128
97138
97140
97062
97084
97090
97120
02503
15621
02510
13248
55612
15668
15620
19710
55601
12520
02512
15644
15662
02262
12552
57136
57121
57237
67269
57658
12862
58652
58656
58658
12608
12607
53181
12865
12866
12161
12162
22108
51432
64551
04926
74961
74963
54051
54571
54645
54634
54636
54604
54606
54054
74647
74965
74967
74969
54575
12038
64522
64524
55906
55908
12467
12468
54702
14704
13118
53180
63134
63132
63136
63138
63104
53172
53174
53176
53178
53182
53184
14005
14006
12861
17241
14114
17242
12179
64272
64274
09014
19022
15204
12593
15011
64251
15054
05066
12584
12594
12536
55050
55032
12180
12531
11110
19716
64253
64255
15043
55325
12108
16094
15008
11408
12104
12535
12004
12003
19402
04403
64232
64234
14210
54331
14220
14204
54334
54256
12231
64201
64203
64205
64207
64209
64211
64213
64257
54232
54234
04931
51814
12429
04413
04405
74202
54294
54254
54201
64282
54282
54284
64221
54251
22684
12540
30711
34912
34914
34916
34918
34920
34922
34924
34926
34928
34930
34932
34934
34711
34713
34715
34717
34719
34721
34723
34725
34727
34729
34731
34733
34735
34737
34739
34741
34743
34745
34747
34749
34751
34753
34755
34757
52516
52518
52520
52522
14615
05310
55348
55352
55350
55336
12354
55315
55317
55319
76803
55602
55901
52224
74966
74968
74970
54576
99835
99801
99803
99805
99807
99809
99811
99813
99815
99817
99819
99821
99825
99827
99829
99831
99833
99823
15652
15651
15115
15116
22927
22928
11044
17317
11014
47171
47173
47213
47174
47175
47176
47177
47178
47212
47179
47189
47180
47181
47215
47182
47183
47184
47185
47186
47217
47187
47210
47188
47190
47191
47219
47192
47193
47159
47194
47126
47127
47128
47129
47130
47131
47132
47133
47134
47135
47136
47137
47138
47139
47140
47141
47142
47143
47144
47145
47146
47147
47148
47195
77259
77257
11201
11053
12879
11075
12165
12167
11073
17222
12223
22103
12202
11081
12542
01713
17318
17322
12171
03062
15548
11017
22113
22115
12519
12117
11011
11205
22109
12141
12145
22865
13202
18029
12143
18520
22848
16093
12229
12230
12107
09013
12122
12121
77253
77252
17250
10215
22636
10216
56640
16054
11043
22623
56701
52146
52148
52150
52152
52154
52156
52158
12401
12402
12397
12398
12189
12190
17411
17412
11094
11093
15484
15483
11040
11039
12945
16232
13108
13109
13107
13110
09416
06097
59380
16629
16630
14662
79450
16023
16024
12919
12920
12461
12462
10104
10103
12537
12617
16347
16857
16855
12133
12685
12601
16565
12118
16180
16179
22907
70101
70103
70105
56641
50102
50108
56656
56324
16860
56654
22635
56643
56645
17605
70106
56647
22851
17688
17687
12977
12978
14853
14863
14865
14854
14864
14866
06098
19419
43401
66011
43431
43403
43405
43407
43409
43411
43413
43415
66009
43419
43421
43425
43427
43429
43433
43435
66013
56001
12375
43001
43003
43005
43007
43011
43013
43015
43017
43019
43021
66003
66005
66007
43029
66001
43031
22626
12270
22206
42901
12612
57239
42045
42001
42003
42005
42007
42009
42011
42013
42015
42017
42019
42021
42023
42025
42027
42029
42031
42033
42035
42037
42039
42041
42043
17313
07323
02840
43901
43903
22611
66035
16003
42301
43101
43103
43105
43107
43109
43111
43113
43115
43117
43119
43121
43123
43125
43127
22860
22826
42401
42403
66025
42407
42409
42411
42413
66027
42417
42419
42421
42423
22808
02842
00619
02839
66015
66021
66047
43257
43201
43203
43205
43207
43209
43211
43213
43215
43217
43219
43221
43223
43225
43227
43229
43231
43233
43235
43239
43241
43243
43245
43247
43249
43251
43253
43255
43501
43503
43505
43507
43509
43511
43237
43513
43515
43517
00617
17311
22802
12620
12619
75105
15025
75107
55018
12492
15027
15028
16603
16604
53046
53045
54392
54312
54314
54055
54307
54393
54305
55303
55301
55311
54395
55305
55321
55307
55309
55323
74306
74304
54398
54315
22448
14890
54882
77672
57456
57448
55604
68685
38302
38304
38306
38310
38314
38316
38320
38312
38318
57318
57320
57324
90208
90242
90744
90756
90788
90798
90868
58223
53443
68089
38806
38802
38810
38814
38816
38818
38820
38826
38828
38830
38804
38808
38812
38822
38824
68093
08014
38832
53511
53513
53515
53517
53519
29019
59152
59154
56708
22205
56710
56723
56721
56725
56731
56733
56735
56706
74801
74803
74805
74807
74809
74811
74813
74815
74817
74821
74823
74819
77680
77682
57308
57593
77602
77608
77616
12964
12963
52927
52928
55256
15001
12212
55207
55029
11062
15215
55211
55023
53132
55506
55240
19054
15228
58860
58862
54105
54272
54267
53214
63240
53642
53610
54109
53614
54261
63226
63264
63228
63234
34899
55172
55174
55176
55178
55180
52973
52975
52993
52987
52963
52991
12908
59226
59236
59244
11047
13022
13021
13155
13156
59601
52075
52073
30011
30013
30051
30053
30351
30317
30552
30331
30321
30361
30712
30121
30123
30135
73210
73208
63217
53050
63271
63221
76517
76514
76516
56506
56512
66533
76512
76519
56507
56509
51808
54155
51764
51766
52045
52021
13429
03429
53028
75701
55421
53418
13418
75719
03427
53004
13012
13409
75703
55701
55703
13422
14003
55711
13415
53402
13425
66044
66045
52245
52241
52254
52258
52260
52226
52222
52278
52247
52023
33422
51424
57562
57590
04433
51402
55819
12618
98600
98602
76806
77312
77606
77310
77610
77614
77618
79448
79452
79442
79444
79446
12491
16864
76805
56034
77678
77673
77676
51461
51463
51405
51427
51407
51438
51431
51426
22146
51419
57312
12390
16127
16125
16859
56037
11063
16129
36082
36084
36086
36088
78021
43801
43803
43805
43601
43603
43605
43607
43609
40559
40665
40573
40501
40601
40503
40603
40505
40605
40507
40607
40609
40509
40511
40513
40613
40515
40615
40517
40519
40617
40521
40523
40619
40525
40621
40527
40623
40529
40625
40531
40627
40533
40629
40535
40631
40537
40539
40633
40541
40635
40543
40637
40545
40639
40641
40547
40549
40643
40551
40645
40553
40647
40555
40557
40649
40651
40561
40653
40563
40655
40657
40565
40567
40659
40569
40661
40663
40571
40801
40803
42601
42603
42605
66012
66043
42701
43751
43753
43755
43757
40021
40301
40001
40003
40303
40305
40005
40307
40007
40309
40009
40311
40011
40313
40013
40015
40315
40017
40019
40317
40023
40319
40025
40027
40321
40029
40031
40323
40033
40035
40325
40037
40039
40327
40041
40043
40329
40045
40047
40331
40049
40051
40333
40053
40055
40335
40057
40337
40059
40339
40061
40341
40063
40343
40065
40067
40345
40069
40347
40349
40071
40351
40073
40353
40075
40355
40077
40357
40079
40359
40081
40361
40083
40085
40363
40087
40365
40089
40367
40091
40369
40095
40371
40093
40097
40373
40099
40375
40101
40377
40103
40379
40105
40381
40107
40383
40109
40385
40111
40387
40113
40115
40117
40389
40119
40391
40121
40123
40393
40125
40127
40395
40129
40397
40131
40133
40399
40401
40135
40137
40403
40139
40405
40141
40143
40407
40145
40409
40147
40411
40149
40413
40151
40153
40415
40155
40417
40157
40419
40159
40421
40161
40707
40711
40701
66041
40705
40709
43701
43703
43705
43707
43709
43711
43713
43823
41041
41001
41003
41005
41007
41009
41501
41011
41503
41013
41505
41015
41017
41507
41019
41509
41021
41511
41023
41513
41025
41515
41029
41517
41033
41035
41519
41039
41521
41043
41523
41045
41525
41527
41049
41051
41529
41053
41531
41055
41533
41057
41059
41535
41061
41537
41063
41539
41065
41541
41067
41543
41069
41545
41071
41547
41073
41549
41075
41551
41077
41553
41079
41555
41081
41557
41083
41559
41085
41561
41087
41563
41089
41091
41565
41093
41567
41095
41569
41097
41099
41571
41101
41103
41573
41105
41107
41575
41109
41577
41111
41113
41579
41115
41117
41581
41119
41583
41121
41585
41123
41587
41125
41127
41589
41129
41591
41131
41593
41133
41595
41597
41135
41599
41137
41601
41139
66017
79437
79432
52903
52905
52907
52909
52901
59483
59475
59477
59481
79402
79404
79406
59509
59511
54402
54404
54406
54541
22307
22463
04851
74802
74804
74806
74808
74810
74812
74814
74816
74818
74822
74824
74820
56101
56103
78023
78025
78022
51971
72171
72173
72175
72177
72179
54791
59360
15108
64903
51973
51976
55340
64905
59356
54794
77208
77212
77218
57213
57205
77234
77216
77220
17249
17402
57229
56145
56147
56149
56151
56136
57657
17025
12228
17032
12134
16332
16340
11042
12187
11028
21028
12952
12951
54239
54243
54237
53342
14042
24042
14041
54412
75109
55125
55127
55129
55122
55132
55150
15103
15111
15117
15007
12538
12581
15120
11061
15227
56033
56821
76825
16233
56811
56823
56871
56879
56874
56876
56878
79449
52072
52076
52074
90141
90037
90057
90075
90109
90167
90733
90759
90813
55904
52041
52022
52019
37732
37652
37654
37656
37658
68095
56266
56268
16229
56202
56204
56210
56208
17301
22818
56206
56231
56237
56234
56216
56270
16217
56276
16235
06228
16231
16205
22682
56264
57503
57486
52137
52131
55814
15614
58846
58844
58848
59341
59803
69184
59346
69185
59353
59317
15669
15670
16339
16351
18309
18310
16335
12689
17235
12667
16610
12289
12113
12855
12136
15307
15308
12205
12206
12816
12815
11401
11402
17256
12734
12733
18234
18233
14512
14511
12656
51151
12655
16687
16688
54382
54384
54385
54387
54389
54091
54396
55805
55803
55801
55809
05726
56528
56719
56319
12690
56318
56304
16352
56310
56316
76851
76853
52037
59153
59151
52039
13421
59052
77240
77244
57262
57323
77301
77695
64110
64114
22806
22914
12350
04416
12047
12045
12034
12236
12436
12273
12259
12275
22209
64422
64424
64428
64426
64430
64432
64450
12324
12250
12056
12058
12191
14681
64463
64465
64074
12037
12430
04414
04406
14004
12043
12582
22412
12524
64076
22404
64469
64078
64080
64082
64084
64492
12878
12440
12454
14323
12044
12001
64003
64095
64097
04409
12459
19576
09607
17410
12421
17620
17623
57516
57564
11012
57594
57542
57558
17614
02730
07622
16593
12485
12767
22457
18510
12768
12876
12875
12632
12631
99200
99202
99204
99206
99208
99210
99212
99214
99216
99218
99220
99222
99224
99226
99228
99230
99232
99234
99236
99238
99240
99242
99244
99246
99248
99250
99252
99254
16346
16345
51293
18240
51286
22112
12290
58831
58833
51829
12924
11203
11403
58843
58847
58839
11207
58837
58835
58841
58810
12772
51260
76817
37557
37521
37523
37525
37527
37529
37531
37533
37535
37537
37539
37541
37543
37545
37547
37549
37551
37553
37555
34052
34054
31191
30122
30152
30154
31713
31711
31412
31414
31416
31418
31420
31422
31424
31426
31428
31430
31432
31434
31436
31438
31440
31442
31444
31446
31448
31450
05618
15618
22411
52917
52915
73034
56363
56610
56612
56614
56616
56620
12672
12671
73036
58874
58864
58866
58856
58850
58852
58854
58857
58859
58861
12721
12147
12643
12645
22633
12415
22653
15467
55725
75705
15464
75710
52541
02541
55713
55749
55751
22310
12042
03060
52543
22612
55712
05725
12523
75708
18630
15723
19602
55201
55041
55203
25202
15216
55574
55210
54581
14506
12326
64512
64514
64516
64518
54512
66036
66030
66032
66034
52524
52526
52528
52530
52532
56580
76522
59834
79304
59835
34911
34913
34915
34917
34919
34921
34923
34925
34927
34929
34931
34933
34793
34791
12506
12505
52262
52268
52264
52266
01308
51184
51152
74941
74943
74945
74947
54010
77205
77203
57382
57316
17255
57263
17213
17231
77241
17404
57264
77684
16004
57541
17214
17232
07063
90032
90064
90084
90736
90012
90810
90834
90142
90048
25910
13281
18206
18202
15020
55044
55070
55142
55040
55052
56205
51255
53365
53369
57501
57689
57687
11206
57557
51422
51433
04422
12248
54022
12285
12263
12284
12611
12909
64419
64091
64090
64089
64092
12065
12059
22182
57602
64461
12148
09808
64496
54004
17305
22110
04434
64087
64088
04418
64494
54011
54001
12286
12438
22634
22656
22654
54539
67260
67297
67280
67257
59548
19569
16337
16338
22905
19575
59547
18402
19252
59504
55710
56141
56143
56138
12819
12820
12850
11037
12103
43872
12377
12378
14208
14207
12763
12764
15721
15722
13348
13347
22651
22652
12606
12605
12747
12748
64958
17407
12109
12110
59385
12637
12638
69161
12942
16650
16649
57540
22926
12926
12925
14623
14624
18622
18621
22352
22643
57551
57553
57584
57582
57548
17610
57522
52237
52216
52208
52225
52221
52223
52231
52233
52297
52235
52227
52219
12184
54292
14124
74201
54293
21067
57512
59214
59216
19270
12905
12950
59206
19269
19572
59212
19202
59297
52121
52123
37612
37614
77258
77251
12897
16861
12868
56038
22403
17414
56042
56862
56864
56866
12694
12693
59386
77677
66611
56611
66606
66608
56712
64162
64161
12711
12712
22936
59267
59201
59295
59269
38055
38402
38404
38406
38408
38410
38412
38414
38416
38418
38420
38424
38426
38428
38430
38434
38436
38438
38440
38442
38444
38446
38448
38450
38452
38454
38456
38422
38432
90729
52277
56771
56773
56709
02651
06710
06770
56769
52143
19422
63223
03512
08450
13243
13249
19050
22844
63263
13332
22644
16360
12359
63241
63243
63257
63259
63245
63247
63249
63251
63253
63255
53233
18625
73262
73264
63210
63212
12366
63208
55528
63206
13237
13239
63231
63227
63225
63233
63272
63222
13416
17609
73212
23348
53211
08112
12742
73211
68739
64260
64002
64536
64534
64472
64470
64464
64466
54026
64541
64543
64481
59426
19151
74838
98901
98903
98905
98907
98909
98911
98913
98915
98917
98200
98202
98168
69165
69167
98044
98196
98198
98000
98002
98004
98006
98008
98010
98012
98014
98016
98020
98022
98024
98028
98030
98034
98036
98038
98042
98046
98048
98050
98052
98054
98056
98058
98060
98062
98064
98066
98066A
98068
98070
98072
98074
98076
98078
98082
98084
98086
98088
98090
98092
98094
98096
98098
98100
98104
98106
98108
98110
98112
98114
98116
98118
98120
98122
98124
98126
98130
98132
98134
98138
98142
98146
98148
98150
98152
98156
98158
98160
98162
98164
98166
98170
98172
98174
98176
98178
98182
98184
98186
98188
98192
01422
50120
99034
99032
99000
99002
99004
99006
99008
99012
99014
99016
99018
99020
99022
99024
99026
99028
99030
99036
99038
99040
99042
99010
98154
98190
98194
98018
98026
98032
98040
98080
98102
98128
98136
98140
98144
98180
42302
43851
42750
15280
15279
11097
11098
12303
12381
12304
12382
19261
12501
12502
12662
12661
02652
06769
06709
30311
13255
12142
12150
22351
12126
12125
18464
18463
12496
11105
11106
12417
12418
78508
58402
58406
18413
22810
22814
11454
11453
43892
43102
43104
43106
43108
43110
43112
43114
43116
43118
43120
43122
43124
43126
43128
43130
43132
43752
43754
14307
54377
54101
54371
54373
54375
51425
57521
68058
63593
12828
18004
68024
22876
22605
52036
52034
78422
78504
58419
67293
58525
78533
54558
52040
73213
74672
74674
74676
54612
54614
54616
52463
52465
52467
52469
14038
04991
52471
52473
52461
74902
74904
54622
74909
79436
79434
59474
59482
59476
59478
59484
11005
16858
16862
16573
16856
16115
59608
56700
11405
22881
11090
11092
51451
51347
11026
51325
51353
12297
12264
22150
12730
12114
15030
11101
22845
17013
22943
19311
12170
12939
01655
51318
51409
02511
11407
99802
99804
99806
99808
99810
99812
99816
99818
99820
99822
99824
99826
99828
99830
99834
99836
51401
12135
12729
17613
07621
02729
51421
12149
12026
51435
51455
51449
99902
99904
99906
99908
11088
12138
12137
56333
15047
12843
18405
18421
58422
14710
22859
58416
22890
22878
18425
22884
15639
19454
12994
58417
02876
12838
12888
12896
12882
02838
18473
18419
18416
58410
58408
15643
22866
12146
18401
18414
58132
18304
03102
22836
18407
58002
08401
22827
58414
17479
22910
22883
12802
22606
12801
15048
12533
12534
56715
56366
56331
56335
56337
40044
22145
51434
06542
11002
06738
64167
64061
64053
64055
64057
64051
64075
64077
64491
64493
64011
64013
64015
64017
64019
54253
74692
56961
56963
56965
56300
66302
66310
66300
56392
56394
56332
56334
56336
56338
56307
56309
18568
68728
58202
68705
68709
68721
68729
78815
18210
68701
68717
68746
58204
08872
58205
58207
58218
58527
13146
13145
72451
72452
68703
68707
68725
59168
12433
12431
22691
22693
12437
13234
13233
16614
17018
22937
59507
12463
11003
11004
22454
22453
16349
16350
18418
18417
12567
12568
22861
22862
22162
22161
22102
22101
16557
16558
77223
77229
57619
57652
77225
77227
57303
16734
16713
16101
16618
19061
12347
12348
14708
14707
13320
18610
16589
16590
15013
15014
12465
52911
12511
12521
12512
12522
19653
12718
12717
50103
14634
14633
57271
17429
17430
54202
73216
54153
54211
14202
54221
54223
54226
54228
57134
57427
77690
77694
22487
55707
55728
55730
75707
54789
54788
54782
54422
54086
54414
54310
54416
54418
54420
54784
59716
59720
59718
54836
54809
54411
54012
74015
74017
54019
54020
74845
74847
54751
59730
59728
52571
52570
12427
58230
51753
11704
11703
51702
11208
22938
12186
12185
73253
73255
53229
53209
53044
57272
18302
58503
52331
52321
52323
52325
52327
52329
33711
33713
33715
33737
33717
33719
33721
33723
33725
33727
33729
33739
33731
33733
33735
31741
31743
31745
31747
31749
31755
31751
31753
31757
31721
31725
31723
31571
63131
63133
63135
63137
31636
31628
31634
31630
31632
31781
31783
68735
68737
58720
58722
58718
74302
53482
53484
53486
53488
53490
53492
53494
53496
13242
13247
18623
12352
19322
18696
23225
13201
13282
12310
12309
12464
22464
19579
79443
19571
59211
17017
59423
59421
79454
59243
77242
77238
67262
67299
57322
67295
54464
54472
54482
54484
54486
14711
22621
16714
56724
56722
56726
15119
16733
56830
16780
14259
58842
15056
19062
55322
15031
25036
15034
05007
55314
05312
25035
55324
55306
55308
55310
50104
50101
63597
18603
58653
18611
18613
13304
53336
18619
18632
12877
18631
53338
18628
22892
12365
18605
08611
15661
58651
58655
58657
18609
12439
12453
18629
15927
05967
55761
55861
55721
16177
16178
71092
71096
54013
54015
74012
64912
64914
64932
64916
54049
54007
54009
54023
14324
54002
54025
74018
74016
78011
18105
78102
58660
58133
18107
18109
58131
78103
54355
55823
73022
53024
53034
53026
53137
53075
13014
53070
73012
53068
53066
53081
53403
53008
53405
53073
13188
12374
53136
53530
63220
54222
54224
54706
58809
58813
58811
79301
59319
69188
69182
79305
79307
79309
59387
59355
69183
59345
79303
19327
17622
57411
15309
15310
52913
12883
12884
03044
55508
55510
15202
13044
55024
55212
55573
55005
55502
55524
12393
66603
11064
66020
56105
56107
06743
56102
76850
76848
17230
17229
19166
19168
19165
19167
12715
14017
14007
14015
14018
14008
14016
11024
11023
12132
11067
11068
21068
56241
78512
78514
78516
78518
78520
12152
12151
14608
14607
12217
12651
12629
12649
12394
12808
12807
14164
14163
12296
12295
51429
12337
12338
18010
12557
12558
16058
16057
12346
12345
15160
15159
12474
12473
14126
14125
14649
14650
12278
12277
12713
12714
14629
14630
10002
10001
15273
15274
19017
19018
19216
19215
19005
19006
64411
16522
56262
56223
66530
56525
56282
56519
22625
76553
56910
56912
16531
56523
16534
16520
56514
76551
76511
66532
56510
56508
76520
56233
56232
56238
16594
56579
16201
56227
56917
56925
56221
56225
56515
56913
53412
53431
53415
53401
53074
53406
56215
56646
52174
52176
52177
18311
22804
58303
58136
58138
58301
18303
18301
78104
08301
17010
17037
77611
07427
17007
12791
12219
22203
47205
47172
12736
12513
07149
12706
47196
19714
77601
77607
77615
77619
77603
77613
77617
17026
57485
12771
07064
19201
57651
12774
02850
22850
17002
67250
12732
17320
77630
57605
12784
08500
55038
56732
56734
56736
56796
56800
56798
56802
12987
02263
30412
30414
30416
34112
34114
34116
34118
34120
34122
34124
34126
34128
34130
34132
34134
34136
34138
34140
34142
34144
34146
34148
34150
34152
34154
34156
34158
34160
34162
34164
34166
33111
33801
33859
33861
33811
33813
33815
33817
33819
33821
33823
33825
33827
33829
33831
33833
33835
33837
33839
33841
33843
33845
33847
33849
33851
33853
33855
33857
31211
31217
31219
31221
31223
31225
31227
31229
31231
31233
31235
31237
31239
31213
31215
63105
34602
34612
34614
34616
34618
34620
34622
34624
34626
34628
34630
34632
34634
34636
34638
34640
34642
34644
34646
34648
32411
32413
13133
33591
33593
33401
33431
33433
33435
33437
33439
33441
33443
33445
33447
13105
31151
34502
34512
34514
34516
34518
34520
34522
34524
34526
34528
34530
34532
34534
34536
34538
34540
34542
34544
34546
34548
34550
34552
34554
33411
34814
34816
34818
34820
34824
34826
34828
34830
34832
34834
34836
34838
34840
34842
34844
34846
34848
34850
34852
34854
34856
34858
34822
34812
32211
32213
32215
32217
32219
32221
32223
32225
32227
32229
32231
32233
32235
32237
32239
32241
32243
32245
32247
32249
13119
33611
33613
33615
33617
33619
33621
33623
33625
12260
33681
33683
33685
31911
31913
31915
31917
31919
31921
31923
31925
31927
31929
33651
33653
33655
33657
33659
33661
33511
33529
33513
33515
33517
33519
33531
33521
33523
33525
33527
03151
73151
31311
31313
31315
31317
31319
31321
31323
31325
31327
31329
31331
31333
31337
31339
31335
31801
31811
31813
31815
31817
31821
31823
31825
31827
31835
31837
31819
31829
31831
31833
30452
31111
34782
31391
31393
02261
63103
53171
53173
53177
53183
53175
34712
34714
34716
34718
34720
34722
34724
34726
34728
34730
34732
34734
34736
34738
34740
34742
34744
34746
34748
34750
34752
34754
53131
34898
33421
31413
31415
31417
31419
31421
31423
31425
31427
31429
31431
31433
31435
31437
31439
31441
31443
31445
31447
31449
31451
31411
34792
34794
03101
12313
31601
31629
31611
31613
31615
31633
31619
31621
31625
31631
31627
31617
31623
13187
12373
53135
34412
34414
34416
34418
34420
34422
34424
34426
34428
34430
34432
34434
34436
31511
31513
31515
31517
31519
31521
31523
31525
31527
31529
31533
31535
31537
31539
31541
31531
02266
33895
58701
54605
12314
12792
17319
55242
55246
55007
55217
55219
55209
55015
55558
12487
12488
17209
12770
12769
12139
12140
73911
73913
55006
54754
54756
14602
04766
04768
04770
14525
14713
22982
12486
54752
14712
54759
54761
09761
54758
11651
13345
23347
75706
75717
55767
15765
75715
55747
55716
14674
14673
11447
11448
22641
14646
14645
74022
74026
12497
12498
11035
11036
12009
12010
12028
12027
12025
12007
12008
12244
12243
12019
12020
12041
15529
15531
15275
55570
05529
12204
15283
23226
52332
52322
52324
52326
52328
52330
55567
55559
55565
37042
37044
37046
37048
37050
37052
37054
37056
37058
37060
37062
37064
37066
37411
37413
17210
55163
55138
55140
16579
22912
22911
22601
51033
12560
12559
52452
52451
22830
15021
08001
18030
22825
38305
38313
22213
22835
12773
02849
22849
38031
38033
22642
19659
22853
18007
12452
12451
19051
12391
12392
22462
22461
74303
74305
54397
74301
55818
15818
55608
12115
12116
52087
02095
02085
14811
19736
52084
52082
02082
59727
59729
16182
16181
17239
17240
12709
12710
11010
11009
14086
14085
54076
37394
37396
69141
69144
55329
64164
52513
52517
52519
52521
52523
52525
52527
52529
52531
23346
51678
17012
55909
19404
54264
54266
14013
64281
54281
54283
12144
56271
56269
16202
56918
56228
56218
13166
15724
55547
52454
52458
11463
11465
19251
59298
59422
59508
51906
54058
54060
51907
53323
53325
53333
53327
64004
17207
22602
17205
22893
22455
16218
18408
17001
18504
11001
73532
73534
73536
53538
52172
52178
59732
59708
59710
59734
59712
59705
54762
54760
09762
11306
22134
11424
19120
19222
19221
13288
13287
54325
54075
55034
54327
42452
42402
42406
42408
66026
42412
42414
42416
66028
42420
42422
66029
66031
42850
55526
55238
55554
55534
55253
55556
55519
55515
55513
55538
55505
55501
55523
55557
55566
55560
55568
55021
42404
54330
55036
64222
54328
34312
34352
34358
34354
34356
34360
34411
34413
34415
34417
34419
34421
34423
34425
34427
34429
34431
55709
78027
18009
38909
22857
38201
68687
68001
68008
38709
22807
02841
38301
38407
38417
22813
08402
38032
38034
38036
22855
38101
38107
22852
22687
54341
74024
74002
51914
51910
51912
54474
54522
14546
54252
54316
64511
64513
51908
64501
04921
18410
18409
52180
52184
37012
37014
37016
37018
37020
37022
66604
56604
56601
56361
56613
56617
56619
56621
55105
55145
77256
57122
54633
64112
64032
64034
64036
64910
64018
64096
64094
64098
64012
64014
64016
64908
54274
53212
12691
59025
59031
19047
69152
69109
69111
13426
19053
59051
69142
59038
59048
51674
51768
51763
51765
33751
31585
31782
31784
31786
31542
31512
31514
31516
31520
31522
31524
31526
31528
31530
31532
31536
31538
31540
31518
31534
12814
12813
40042
52249
52251
52248
51441
51436
13301
13302
72501
72503
19403
14014
59231
59271
59233
59203
79457
79459
22207
22208
11031
57685
56903
57659
57641
57631
11423
12169
11051
51456
51450
56905
22133
12936
12946
59026
19060
29060
59078
59014
22828
13054
12479
12480
22356
02853
22355
55117
55073
55116
55168
55170
55011
55075
55022
55107
55109
55111
55113
19416
04994
05116
04412
05030
12476
12478
11450
14504
19804
04410
22679
22680
99814
99832
12471
12472
12957
12782
12781
12644
12029
12030
12803
12561
12562
54793
50106
50107
52232
52234
52236
52298
52229
12652
12280
12279
37377
37379
37312
37314
37316
37318
37366
37320
37324
37326
37328
37330
37332
37336
37322
37388
37340
37342
37344
37346
37348
37334
37352
37398
37412
37414
16227
16206
07301
12622
12621
12857
12858
18452
18451
17618
17617
19046
19045
18189
13511
68056
58103
78031
58023
58113
68009
58032
18181
18183
78033
58109
58143
58661
58111
18101
68012
68016
68006
68014
58022
08111
18515
08189
18111
12889
13512
58711
58713
58715
58717
40422
40002
40302
40004
40304
40006
40306
40008
40308
40010
40310
40012
40014
40312
40016
40018
40314
40020
40022
40316
40026
40028
40030
40318
40032
40034
40036
40038
40040
40046
40320
40048
40050
40322
40052
40324
40054
40326
40056
40328
40058
40330
40060
40332
40062
40334
40064
40336
40066
40338
40340
40068
40342
40070
40344
40072
40346
40074
40076
40348
40350
40352
40078
40354
40356
40080
40358
40082
40360
40084
40362
40086
40088
40364
40090
40092
40366
40094
40368
40096
40370
40098
40100
40102
40372
40104
40374
40106
40376
40108
40378
40110
40112
40380
40114
40382
40116
40384
40118
40120
40386
40122
40124
40388
40126
40128
40390
40130
40392
40132
40134
40394
40136
40396
40138
40398
40140
40142
40400
40402
40144
40404
40406
40146
40408
40148
40410
40150
40412
40414
40416
40154
40152
40156
40418
40158
40420
56859
16106
56770
56762
56035
56764
56766
56768
56603
56663
56374
56044
64956
64165
51810
64583
54467
54469
64158
57518
67249
23142
67253
77286
77282
67258
77288
57309
57311
67256
77226
77228
57302
22620
22630
56826
16787
00616
56822
56718
56801
56797
56803
56799
56761
56763
56036
56765
56742
13141
13142
23141
55718
99901
99903
99907
99905
99101
99103
99105
99107
99033
55108
55110
55112
55071
55114
12642
43882
53231
58216
58217
12613
12614
13157
13158
58816
16105
12641
17487
17488
11021
06092
22627
16053
22617
22616
16203
17408
56213
57258
76812
56820
76826
76823
76827
76821
76829
56926
56222
56226
51817
33896
96608
96648
96652
95602
95606
96602
96604
96606
96610
96612
96614
96616
96618
96620
96622
96626
96628
96630
96632
96636
96638
96640
96642
96644
96646
95604
95608
95610
95612
95614
95616
95620
95618
96650
96634
56275
56217
58413
40704
40706
40702
40708
66042
40712
08585
08587
78811
78813
58817
16611
16130
56767
56741
96333
96337
96205
96213
95902
95904
95906
95908
95910
95912
96624
97302
97304
97306
97308
97310
97312
97314
97316
97318
97320
97322
97324
97326
97328
97330
97332
97334
97336
97338
97340
97342
97344
97346
97348
97350
97352
97354
97356
97358
97360
97362
97364
97366
97368
97370
97372
97374
97376
97378
97380
97382
97384
97388
97390
97392
97394
97396
97398
97400
97402
97404
97406
97410
97412
97414
97416
97418
97420
97422
97424
97426
97428
97432
97436
97438
97442
97444
97446
97386
97408
97430
97434
97440
96103
96105
96111
96113
99201
99203
99205
99207
99209
99211
99213
99215
99217
99219
99221
99223
99225
99227
99229
99231
99233
99235
99237
99239
99241
99243
99245
99247
99249
99251
99253
99255
99007
99009
99001
99003
99005
99011
99013
99015
99017
99019
99021
99023
99025
99027
99029
99031
99035
99037
99039
99041
99429
99401
99403
99405
99407
99409
99411
99413
99415
99417
99419
99421
99423
99425
99427
99431
99433
99435
99437
99439
99441
99443
99445
99447
99449
99451
99453
99455
99457
99459
99461
99463
99465
99467
99469
99471
99473
99475
99477
99479
99481
99483
99485
99487
99489
99491
99493
99495
99497
99499
99501
99503
55755
55757
55759
53481
53483
53485
53487
53489
53491
53493
53495
76842
56703
56841
56843
22628
56714
76831
76839
76833
76835
76800
76804
16234
56824
56812
76854
76852
56713
56829
76822
76824
76828
76820
76846
52182
12765
22872
22880
17482
22615
56214
22120
57429
57329
57477
57475
56889
57401
57405
57403
12761
16204
66022
66014
66048
17401
66033
17413
56041
17480
16779
22618
12731
22856
57274
56885
52228
52204
52220
52230
52239
79401
79403
79405
78812
78814
58818
53644
53646
53648
14369
24369
84369
16853
12913
12914
16331
16341
16348
12695
06089
12697
06093
12623
14370
24370
12432
43832
43921
43216
43222
43202
43204
43206
43208
43210
43212
43214
43218
43220
43224
43226
43228
43230
43232
43234
43236
43238
43240
43242
43244
43246
43248
43250
43252
43254
43256
43258
43260
43702
43704
43706
43708
43710
43852
43552
43554
43556
43502
43504
43506
43508
43510
43512
43514
43516
43518
43520
06732
55911
55914
55902
11069
11070
17023
17024
16236
12696
12698
06088
00618
56311
56315
56313
22655
56308
56872
56880
13008
13007
12447
12448
56137
56142
56140
56139
56274
56921
06919
56502
17314
56907
56916
17321
07324
11048
56516
56914
56906
57273
06948
69153
54225
54227
19329
12944
73539
53529
73531
73533
73537
53535
19057
11302
11301
12174
12173
12943
19943
59604
12996
22902
59606
19330
12991
09722
19666
09608
19601
59836
19328
19660
22901
12064
12057
22458
04402
14156
22402
74906
54652
54654
19806
74910
14309
14310
59306
69186
59318
59354
38104
38106
38108
38102
38110
74991
74645
54551
64532
14522
54506
54553
14526
74994
64482
64546
64548
22925
54532
54531
64521
64523
14524
54542
64515
64517
54511
54540
64542
54557
54757
64502
64504
04922
79486
79488
79490
52048
14217
14218
12328
12327
77640
77641
77642
77643
77647
77645
77649
18477
15036
15035
18191
18192
13148
13147
12446
12445
19566
19565
16183
16184
68078
68072
12927
12928
12636
12635
12553
12554
12929
13403
13404
16303
16304
59045
59040
24228
14228
24227
14227
98500
98502
98504
98506
98508
98510
98512
98516
98518
98520
98522
98524
98526
98530
98532
98540
98542
98544
98548
98552
98554
98556
98560
98562
98564
98566
98568
98572
98574
98576
98578
98580
98005
98013
99472
99400
99402
99404
99406
99408
99410
99412
99414
99416
99418
99420
99422
99424
99426
99428
99430
99432
99434
99436
99438
99440
99442
99444
99446
99448
99450
99452
99454
99456
99458
99460
99462
99464
99466
99468
99470
99474
99476
99478
99480
99482
99484
99486
99488
99490
99492
99494
99496
99498
99500
99502
98528
98514
98538
98546
98550
98558
98570
78511
78513
78515
78517
78519
98311
98319
98323
98359
98371
98163
98027
98049
98075
98095
98125
98135
98141
98157
98167
98171
98177
98521
98525
98575
17315
16185
16186
16302
16301
12797
12798
16334
59459
11087
59050
59510
59512
59503
12333
12334
12105
12106
56503
12368
12367
11272
11271
92004
92008
90358
90378
90490
90598
90706
90766
92020
92024
91172
90088
90154
90196
90274
90412
90474
90506
90522
90610
90748
90790
90954
91030
91048
91070
91102
91132
91142
91154
91164
90156
90206
90438
90638
90914
91176
91180
90092
90116
90136
90180
90234
90246
90276
90298
90314
90336
90366
90416
90460
90494
90524
90666
90692
90782
90846
90874
90884
90978
90982
92026
91032
91076
91098
92030
91114
91124
91156
92002
90424
90496
90514
90754
90772
90806
90820
90832
90840
90850
90860
90888
90906
90912
90928
90930
90222
91182
90006
90024
90038
90540
90844
90880
91160
91168
90072
90454
90580
90588
90614
91116
91120
90054
90062
90080
90096
90122
90146
90164
90190
90214
90230
90250
90270
90284
90288
90300
90320
90338
90352
90372
90402
90430
90442
90462
90468
92012
90480
90508
90530
90548
90556
90562
90574
90594
90604
90618
90628
90642
92016
90656
90672
90684
90694
90710
90716
90740
90948
90974
90986
91002
91012
91038
91054
91058
91066
91080
91084
91088
91090
91104
91136
91150
90128
90168
90328
92010
92014
90542
90584
90634
92018
90726
90780
90896
90934
90998
91018
93013
93015
22870
17016
17015
53048
53047
19567
19028
19027
19568
15906
79481
79483
79485
79487
79489
57606
43931
43651
43653
41092
41002
41004
41006
41008
41010
41012
41502
41014
41504
41016
41018
41506
41020
41508
41022
41510
41024
41026
41512
41028
41514
41030
41032
41516
41034
41036
41518
41038
41520
41040
41042
41522
41044
41524
41046
41526
41048
41528
41530
41532
41054
41534
41056
41536
41058
41538
41060
41540
41062
41542
41064
41544
41066
41546
41068
41548
41070
41550
41072
41552
41074
41076
41554
41078
41556
41080
41558
41082
41560
41084
41086
41562
41088
41564
41090
41566
41096
41568
41098
41100
41570
41102
41104
41572
41106
41108
41574
41110
41576
41112
41114
41578
41580
41582
41120
41584
41122
41586
41124
41588
41128
41590
41130
41592
41132
41594
41134
41596
41598
41136
41600
41138
41602
41140
43941
76818
76814
17316
56014
56010
66018
56886
56705
66046
56873
56875
56877
56861
56863
56865
56860
56882
56884
76838
90988
59009
59039
93001
93003
69147
69149
69159
69155
69163
59043
69143
59047
59037
76844
76847
76849
76845
59460
52929
52933
52949
52954
59424
16333
17312
18048
12741
56962
56964
56966
02779
18507
18573
57226
57256
22874
58530
22204
12740
12739
18501
58506
18518
58501
18512
58538
18519
22847
22801
22869
57230
22415
18509
57265
67294
58526
18567
58528
58504
67296
12783
08501
22809
22854
18503
12804
18516
08190
08573
78532
67292
68083
59164
59162
96201
96203
97205
97003
97007
96601
96603
96605
78534
78531
67291
12330
12329
57650
12251
12252
22637
22638
52004
52002
79441
79453
79447
79451
79445
67265
67267
51262
51195
51198
51259
58808
16090
16089
22650
22649
19301
16580
12292
16574
16528
12258
16566
19032
19031
16571
17310
16587
16527
12291
56278
06595
12214
12735
15024
15016
18638
12836
12864
16577
76523
06591
02864
19302
12193
22695
16515
16569
22683
12539
76521
06541
22686
12630
56242
08302
22685
02863
18112
12890
17309
12551
52132
12395
12396
67278
